	OpenFace_TS	RecordingTimestamp	left_x	left_y	right_x	right_y	avg_x	avg_y
0	54.2	54937.0	914.8297469259954	531.537931525158	927.466315614602	531.3054376251903	921.148031270298	531.4216845751738
1	54.4	55137.0	872.9185947842482	512.6916262762254	880.0778747184813	510.0942467913172	876.498234751365	511.3929365337712
2	54.5	55237.0	904.995578919152	584.5751078238279	915.3784447509612	582.7421427564076	910.187011835056	583.6586252901176
3	54.6	55337.0	946.0025899679382	629.0461933816034	953.3158469594658	626.0673171500327	949.6592184637012	627.5567552658181
4	54.7	55437.0	939.784502394806	606.2403924642317	946.8515581045688	603.4715782142306	943.3180302496872	604.8559853392312
5	54.9	55637.0	995.9651049552969	602.4889706154501	1002.724615591466	601.5091528400463	999.3448602733812	601.9990617277481
6	55.0	55737.0	995.5146509794796	626.9995219959651	1001.0997861533962	625.1197830238035	998.3072185664377	626.0596525098841
7	55.1	55837.0	937.3609793651528	585.8828888909846	944.911561819348	583.6278588930522	941.13627059225	584.7553738920183
8	55.2	55937.0	913.008920552396	593.8051952718018	920.3504297355576	590.6175573194637	916.6796751439766	592.2113762956325
9	55.3	56037.0	965.4496359389128	599.3344130080096	972.8424650604588	597.733460455223	969.1460504996855	598.5339367316162
10	55.4	56137.0	987.1918409628664	576.836057564479	996.7162938489996	576.9904123093356	991.9540674059324	576.9132349369072
11	55.6	56337.0	850.9132223195047	553.29490489714	860.4071592476217	549.908483891619	855.6601907835628	551.6016943943791
12	55.8	56537.0	840.264469937778	551.7059807663678	849.7155876161357	548.0307418229282	844.9900287769567	549.8683612946479
13	55.9	56637.0	872.2845334922968	552.0128106522699	882.233475643473	549.4399638916108	877.2590045678845	550.7263872719402
14	56.0	56737.0	879.2109715843875	530.9233413122512	890.6822672251496	529.5284372036673	884.9466194047686	530.225889257959
15	56.1	56837.0	888.4470275942288	532.4540575076323	900.0622127702618	531.3260082587719	894.2546201822454	531.8900328832019
16	56.2	56937.0	910.9522574424136	538.051783316615	922.1546990646	537.3223238063044	916.5534782535066	537.6870535614595
17	56.3	57037.0	903.9515123780616	543.8189576772006	914.961843690614	542.7164282374351	909.456678034337	543.2676929573179
18	56.4	57137.0	895.5713395285983	540.6360811944327	906.3579574259217	539.2634333286984	900.9646484772596	539.9497572615654
19	56.5	57237.0	901.830660517804	545.3185282145344	913.0688774324332	544.1861819066816	907.4497689751188	544.7523550606079
20	56.6	57337.0	898.8864027404829	546.0206286088244	909.5769578792034	544.5915178709744	904.2316803098436	545.3060732398993
21	56.7	57437.0	944.5472468323924	562.3567861282754	956.3555355611492	562.465327187093	950.4513911967706	562.4110566576841
22	56.8	57537.0	905.1942322324378	537.6575220393312	917.439826783536	537.0564156639837	911.3170295079872	537.3569688516575
23	56.9	57637.0	900.1297019035852	536.8027384480531	912.6064250594924	536.2078512543875	906.3680634815382	536.5052948512201
24	57.0	57737.0	893.0763232542932	508.47779228409	907.5956516771624	508.6508275706896	900.3359874657278	508.5643099273896
25	57.1	57837.0	869.7795124794923	520.9018855254839	883.1575006451724	519.7488320107519	876.4685065623328	520.3253587681178
26	57.2	57937.0	873.0008329794581	505.93435388047845	887.2658700603631	505.4557022263694	880.1333515199107	505.6950280534238
27	57.3	58037.0	861.4994287146702	503.5941091404413	874.9501671113934	502.561895377695	868.2247979130315	503.078002259068
28	57.4	58137.0	895.5619728773178	523.2969405586891	909.2928271599808	522.9744618314207	902.4274000186492	523.1357011950546
29	57.5	58237.0	870.9508604697937	512.4944931627672	884.2977142440541	511.5492854527878	877.6242873569239	512.0218893077773
30	57.6	58337.0	871.1113156734606	519.5061532416371	884.5209233068972	518.4108846500365	877.816119490179	518.9585189458367
31	57.7	58437.0	900.5339528596301	514.2582221798257	914.5064808893262	514.3615276210254	907.520216874478	514.3098749004254
32	57.8	58537.0	870.9465889945458	527.5791786825281	884.476211440065	526.3656068626312	877.7114002173055	526.9723927725795
33	57.9	58637.0	913.1848995700348	515.7935367461356	927.6211761121754	516.3844726672172	920.4030378411044	516.0890047066763
34	58.0	58737.0	835.9158537662364	531.4618341842554	848.5179784561693	528.7305796878229	842.2169161112029	530.0962069360389
35	58.1	58837.0	826.1807739372134	544.0244401451326	837.60027526595	540.3415910491756	831.8905246015825	542.1830155971538
36	58.2	58937.0	837.8392369716175	535.053787218381	849.8321658226668	532.1834769750394	843.8357013971421	533.61863209671
37	58.3	59037.0	818.2262291888602	531.8339102986915	829.7015942643292	528.2561940261763	823.9639117265946	530.0450521624335
38	58.4	59137.0	835.1300260702947	531.110683719846	847.4082115507322	528.4020146591771	841.2691188105136	529.7563491895114
39	58.5	59237.0	899.248078640223	507.0819373104761	911.852681481426	507.10538392266943	905.5503800608244	507.0936606165727
40	58.6	59337.0	904.1200941575112	515.0069483410703	916.6965022706192	515.022040804995	910.408298214065	515.0144945730325
41	58.7	59437.0	892.9551354309958	512.2455342060007	904.008614340178	511.3713668762773	898.4818748855872	511.8084505411387
42	58.8	59537.0	893.9152110440212	514.4338328684281	905.5225328359628	513.8394303305357	899.7188719399917	514.1366315994816
43	58.9	59637.0	889.4254833794363	509.3096162750423	902.1194368041122	508.9695129426871	895.7724600917741	509.1395646088645
44	59.0	59737.0	875.4318600293323	488.33194683268965	888.196429465888	488.07987706928407	881.8141447476103	488.2059119509866
45	59.1	59837.0	887.3621973598025	548.1681576068116	897.8157855816675	546.2834135139927	892.5889914707353	547.225785560402
46	59.2	59937.0	889.0365256004359	553.6613911444823	899.5983426236262	551.7681809571169	894.3174341120307	552.7147860507995
47	59.3	60037.0	881.1085768982207	548.1073787947028	891.3909186888845	546.0086030558064	886.2497477935525	547.0579909252544
48	59.4	60137.0	894.3969730423088	546.3107987167173	905.0661853151464	544.7875024847443	899.7315791787271	545.5491506007306
49	59.5	60237.0	890.6249890167596	549.5794481532514	901.234075931784	547.8775446807298	895.9295324742717	548.7284964169903
50	59.6	60337.0	890.7383135769288	532.3115935228178	902.2876125262216	531.3378858532865	896.5129630515751	531.8247396880521
51	59.7	60437.0	893.9204050075049	539.9097771842261	905.2195870403266	538.7876863544517	899.5699960239161	539.3487317693389
52	59.8	60537.0	922.5867353484354	568.2910258589869	933.4513601318768	567.1791966517522	928.019047740156	567.7351112553696
53	59.9	60637.0	1008.7493226348064	578.9240603405258	1020.290509681074	580.3460302224912	1014.51991615794	579.6350452815084
54	60.1	60837.0	867.2525941421295	515.0574750932589	878.2476127662339	513.501258186346	872.7501034541816	514.2793666398022
55	60.2	60937.0	871.3079430238871	521.1306762122645	882.6532364850486	519.6772379143824	876.9805897544679	520.4039570633233
56	60.3	61037.0	896.056294542215	531.7580276447193	907.7057878528536	530.8001818086475	901.8810411975344	531.2791047266833
57	60.4	61137.0	851.2471090443831	509.1759547590246	863.6817930605099	507.6110267644885	857.4644510524464	508.3934907617565
58	60.5	61236.0	838.3919982258448	510.2501073828264	849.2543394313547	507.7525866477436	843.8231688285997	509.0013470152847
59	60.6	61337.0	866.7510894030357	532.7182587447228	878.1136868684495	530.8333122405975	872.4323881357427	531.7757854926598
60	60.7	61437.0	849.1888405485618	531.7147450898582	860.6377682432864	529.2876494032564	854.9133043959242	530.501197246557
61	60.9	61636.0	853.0456434837406	516.3702140848909	865.7785029947148	514.7673374977313	859.4120732392273	515.5687757913108
62	61.0	61736.0	859.4386827810212	521.761225063305	872.1317793370293	520.2667080909331	865.7852310590251	521.0139665771186
63	61.1	61836.0	853.4449983512118	525.6829413054271	865.9184915949179	523.8490239969543	859.6817449730647	524.7659826511906
64	61.2	61936.0	894.2984878108701	544.8954301378548	907.059075737206	543.9256527244671	900.6787817740384	544.4105414311605
65	61.3	62036.0	878.0815292329261	555.2002910265363	889.1868176575076	552.9786211524548	883.6341734452167	554.0894560894953
66	61.5	62236.0	881.3329408534669	544.8779518827514	892.7337612308928	542.8676614442389	887.0333510421797	543.8728066634949
67	61.6	62336.0	864.0216840652535	537.1898991345687	875.2246512336502	534.7796080230355	869.6231676494521	535.9847535788022
68	61.7	62436.0	850.7051366535957	530.5409820657364	861.6012078439178	527.7872585947457	856.153172248756	529.1641203302407
69	61.8	62536.0	887.9061571629132	537.5543287016895	899.9340387609022	536.0897990706314	893.9200979619081	536.8220638861603
70	61.9	62636.0	852.829585898661	538.4223466551957	863.4028329622427	535.5895277981796	858.1162094304527	537.0059372266875
71	62.0	62736.0	872.0904134835589	556.1627436099919	882.4731462339018	553.3605141899203	877.2817798587305	554.7616288999561
72	62.1	62836.0	893.5811538935316	547.4358352465601	904.9419035751636	545.6788255958231	899.2615287343474	546.5573304211916
73	62.2	62936.0	900.1324306866987	552.7909907722653	911.4654712734244	551.1193806847135	905.7989509800616	551.9551857284893
74	62.3	63036.0	893.5952641302777	546.3418317787591	904.8598596863792	544.6063266293131	899.2275619083285	545.474079204036
75	62.4	63136.0	880.5154817659627	547.9663257997763	891.9491239896266	545.9190961597735	886.2323028777943	546.9427109797748
76	62.5	63236.0	851.9385043114686	561.2606640660392	862.9274256615499	557.7833937381823	857.4329649865094	559.5220289021106
77	62.6	63336.0	855.3310806211164	571.5343625746784	864.6441955903917	567.511422831712	859.9876381057538	569.5228927031951
78	62.7	63436.0	807.3097378993017	568.899157358357	815.0430368644639	563.0140754422523	811.1763873818829	565.9566164003046
79	62.8	63536.0	888.3067827202689	577.042810521116	898.005997537545	573.8729560438724	893.1563901289065	575.457883282494
80	62.9	63636.0	835.4315477179366	556.9418434662527	844.9381166065872	552.6886265280432	840.1848321622615	554.815234997148
81	63.0	63736.0	857.3363801864953	531.9280092882469	868.9618079804667	529.8970475134175	863.1490940834803	530.912528400832
82	63.1	63836.0	817.9148994322013	496.1531749126469	829.6512147037815	493.57190568368105	823.7830570679913	494.8625402981639
83	63.3	64036.0	869.4216416544236	529.336235490958	881.0065558676793	527.672721308929	875.2140987610519	528.5044783999434
84	63.4	64136.0	870.5639384531768	531.7563919847141	882.5608574689763	530.2201139516652	876.5623979610765	530.9882529681895
85	63.5	64236.0	808.4390448701113	510.7753176233237	819.7130283261229	507.408597526314	814.0760365981173	509.0919575748186
86	63.6	64336.0	809.4611909571853	501.4404066345558	820.5077483979173	498.20324040477766	814.9844696775513	499.8218235196665
87	63.7	64436.0	865.655542846019	531.422025900379	877.1437174931635	529.6187657933583	871.3996301695914	530.5203958468684
88	63.8	64536.0	881.3697312694572	524.1439160587134	894.1493536527321	523.2618791982231	887.7595424610944	523.702897628468
89	63.9	64636.0	889.3148905615933	537.951881809056	901.819325571519	536.951913836545	895.5671080665552	537.4518978228004
90	64.1	64836.0	864.4984092632576	534.1086042683321	875.9090319200626	532.1174947491494	870.2037205916599	533.1130495087406
91	64.2	64944.0	864.8265133704732	544.0854652330985	875.6393379964869	541.7704617998314	870.2329256834797	542.927963516465
92	64.3	65036.0	814.4894532031317	532.1343058562384	824.6048607210296	528.3515979875406	819.5471569620803	530.2429519218891
93	64.4	65144.0	830.5956157148904	532.1293977818634	841.5469402660569	528.7986685807409	836.0712779904737	530.464033181302
94	64.5	65236.0	856.2413593190978	557.5157451430416	868.3949752894198	554.8713507878239	862.3181673042585	556.1935479654325
95	64.6	65336.0	867.2755094136546	550.9549929955713	879.9492619327287	548.9891245789798	873.6123856731921	549.9720587872754
96	64.7	65444.0	839.6048489453092	553.0968880872613	851.6258515109145	550.10495032513	845.6153502281112	551.6009192061954
97	64.8	65536.0	851.3808556100142	569.1338741139743	862.6232703762114	565.8707909880515	857.0020629931125	567.5023325510127
98	64.9	65644.0	849.866863354185	560.362053669855	861.438988240737	557.3484341493083	855.652925797461	558.8552439095816
99	65.0	65736.0	828.1800853772133	556.3229987402834	839.4732393537358	552.6291305785728	833.8266623654745	554.4760646594281
100	65.1	65836.0	833.2820414074198	548.9021841856795	845.0966121016049	545.6437267922487	839.1893267545122	547.2729554889638
101	65.2	65944.0	834.7094955728504	551.990497336683	846.2807024978815	548.6543558082776	840.4950990353659	550.3224265724801
102	87.8	88544.0	862.9667141339155	582.4949408406383	875.5525594089985	579.5208671520178	869.2596367714567	581.007903996328
103	87.9	88644.0	905.8194679544956	581.2667542010768	919.307129033405	579.8393500429723	912.56329849395	580.5530521220243
104	88.0	88744.0	890.5207484367972	517.1081306593976	905.3057847985912	517.1124504302662	897.9132666176939	517.1102905448317
105	88.1	88844.0	880.1924463459637	543.0440115967003	893.8742327369129	541.8226062418304	887.0333395414387	542.4333089192651
106	88.2	88944.0	877.3798117602638	546.4339003412518	892.1014330742171	545.2144201936363	884.7406224172405	545.8241602674439
107	88.3	89044.0	816.6850681259531	518.0782247043448	828.7259370195123	514.889378066356	822.7055025727325	516.4838013853503
108	88.4	89144.0	813.5112923883645	504.1596961570029	825.4315591660438	501.1225466616394	819.4714257772039	502.6411214093212
109	88.5	89244.0	881.082454437665	515.9518299523277	893.8249917356754	515.0369065321236	887.4537230866706	515.4943682422255
110	88.6	89344.0	855.9070382923085	513.5637924489661	867.5665918547431	511.5278820450442	861.7368150735255	512.5458372470047
111	88.7	89444.0	830.4379423145365	499.25937205071006	842.1001069919314	496.8274226445474	836.2690246532338	498.04339734762857
112	88.8	89544.0	813.2233218710758	495.635951151601	825.636858686531	493.0010492666922	819.4300902788037	494.3185002091465
113	88.9	89644.0	1005.655216547836	566.5567690800958	1020.4731495423708	569.058977050373	1013.0641830451032	567.8078730652343
114	89.0	89744.0	1051.817888985552	554.553044922362	1066.546943286056	558.7408754439193	1059.1824161358034	556.6469601831405
115	89.1	89844.0	980.669491954226	543.813987876198	995.5701491572996	546.1142840531373	988.1198205557628	544.9641359646675
116	89.2	89944.0	1159.012183933819	575.0930370611163	1176.8847775835184	583.0842146299095	1167.948480758669	579.0886258455128
117	89.3	90044.0	1161.0662521668244	564.5853126152226	1179.122224817691	572.8718152660289	1170.094238492257	568.7285639406256
118	89.4	90144.0	1156.9405265874136	589.9282330150168	1173.7013924840276	597.1417266994163	1165.3209595357207	593.5349798572163
119	89.5	90244.0	1067.727719313299	540.111201791408	1084.383893344634	545.5512743290424	1076.0558063289668	542.8312380602249
120	89.6	90344.0	844.9310635354636	514.516550944869	858.2908878175386	512.5130901712672	851.6109756765005	513.5148205580676
121	89.7	90444.0	844.406734648436	517.9225128864439	856.8025631953568	515.5486012236796	850.604648921896	516.7355570550616
122	89.8	90544.0	794.9354538318685	501.6093098987702	807.5608060851259	498.2189487887224	801.2481299584969	499.9141293437462
123	89.9	90644.0	773.3767947087227	510.0488882747063	785.2410132899989	505.5782338239885	779.3089039993607	507.81356104934713
124	90.0	90744.0	856.0474970264014	498.44327574025806	870.9851801420439	497.62361497307336	863.5163385842224	498.0334453566656
125	90.1	90844.0	848.7856334474174	495.2552667106414	862.7623797747788	494.0541760782687	855.774006611098	494.65472139445495
126	90.2	90944.0	936.7722533290416	550.8408482606499	951.8144005224582	551.53725804456	944.2933269257496	551.1890531526049
127	90.3	91044.0	891.2504120975979	555.1390268277393	904.5369940893096	553.808752593795	897.8937030934535	554.473889710767
128	90.4	91144.0	943.4697883810068	630.4325029492572	954.6298857433862	628.4893088357038	949.0498370621962	629.4609058924804
129	90.5	91244.0	922.3438764119552	609.5631736484931	933.717596067742	607.4657148559583	928.0307362398482	608.5144442522258
130	90.6	91344.0	983.900527685896	618.474280127275	995.5794563400163	618.0915319639105	989.739992012956	618.2829060455928
131	90.7	91444.0	1046.3082741931823	621.8546494649722	1059.1919295528187	623.6983719313483	1052.7501018730013	622.7765106981602
132	90.8	91543.0	1055.010042714754	611.999552652202	1069.0416967487786	614.7635581023876	1062.0258697317663	613.3815553772948
133	90.9	91644.0	1043.0092554852113	620.6014516614603	1056.9952453792189	622.8318414038665	1050.0022504322153	621.7166465326634
134	91.0	91743.0	1004.00725577839	567.19367341549	1018.1689940155557	569.3510238578102	1011.0881248969728	568.27234863665
135	91.1	91844.0	1030.482197809578	582.1029308199364	1046.4632392241824	585.355834864316	1038.47271851688	583.729382842126
136	91.2	91943.0	1048.3872964440995	583.4564825272279	1063.7163294405163	587.0395551173752	1056.051812942308	585.2480188223013
137	91.3	92043.0	1025.9800062007346	550.4817084729589	1041.649874139698	554.1702919896184	1033.814940170217	552.3260002312884
138	91.4	92143.0	938.707322344847	522.9855002003765	955.0836527662018	524.8220005858639	946.8954875555244	523.9037503931199
139	91.5	92243.0	994.72104077	529.898191891474	1010.7149502747988	533.1643705884262	1002.7179955223992	531.53128123995
140	91.7	92443.0	832.3393404822289	485.1369397849838	845.6748741653099	483.49748385141794	839.0071073237699	484.3172118182007
141	91.8	92543.0	789.1602578546797	472.1090476088045	802.8480661131766	469.5575706769752	796.0041619839275	470.8333091428898
142	91.9	92643.0	761.7335822536437	460.17002190869687	773.8840974194413	456.5598828140126	767.8088398365426	458.3649523613546
143	92.0	92743.0	780.8752776487133	463.7857713858617	794.6730172421641	461.1493949266975	787.7741474454385	462.4675831562795
144	92.1	92843.0	796.0441442606624	492.278998422075	808.4674089175627	489.0398352888829	802.2557765891125	490.6594168554787
145	92.3	93043.0	902.4055153143922	530.4360683792136	916.3415348798692	530.1230573970637	909.373525097131	530.2795628881386
146	92.4	93143.0	802.5938151418685	509.28715081192087	815.0581073435233	505.7553044460059	808.8259612426958	507.5212276289632
147	92.5	93243.0	787.4691148016379	526.010473236302	799.6072501738817	521.6437643629049	793.5381824877597	523.8271187996032
148	92.6	93343.0	758.243371400491	511.7377443386284	769.3234493793648	506.5054040391544	763.783410389928	509.1215741888912
149	92.7	93443.0	845.5231464494696	535.9905132112583	861.0093593920512	534.2380516583743	853.2662529207607	535.114282434816
150	92.8	93543.0	888.3969559889612	547.0281880082227	903.0085939611972	546.0700025269763	895.7027749750794	546.5490952675995
151	92.9	93643.0	842.8612382130627	558.5909644989865	855.916986489245	555.5312110904879	849.389112351154	557.061087794737
152	93.0	93743.0	833.0293039356326	530.1965529314957	846.9823390869867	527.6676869813631	840.0058215113094	528.9321199564293
153	93.1	93843.0	769.3275560212863	478.30703573125794	780.5139892496679	474.25630371888	774.9207726354769	476.2816697250688
154	93.2	93943.0	812.657124529152	484.6435668352161	823.7603463585863	481.62598980885406	818.2087354438689	483.134778322035
155	93.3	94043.0	779.5033650219862	491.24558492571794	790.6406590089107	487.1355387798856	785.0720120154484	489.1905618528015
156	93.4	94143.0	752.9592226529782	468.6219368833142	764.7984898948191	464.48783792905016	758.8788562738981	466.5548874061821
157	93.5	94243.0	767.1063045472634	476.7049360785632	778.3997032769979	472.574159675475	772.7530039121306	474.63954787701897
158	93.6	94343.0	768.1572735100724	485.50705593752986	779.1938107955168	481.1636224906693	773.6755421527948	483.3353392140996
159	93.7	94443.0	799.3690557865103	497.8176431578055	811.3318373972756	494.5450039965662	805.3504465918928	496.1813235771856
160	93.8	94543.0	840.9093829826656	494.9490962314447	854.3860169638299	493.47136332028725	847.6476999732478	494.2102297758658
161	93.9	94643.0	824.3679264902432	479.8707881610552	838.306854640376	478.4634684845184	831.3373905653099	479.1671283227868
162	94.0	94743.0	790.2134419052273	491.1081101018246	803.5849606527864	488.15774573824746	796.8992012790063	489.6329279200357
163	94.1	94843.0	789.1265305901173	488.9056587817609	802.6046042745655	485.91741020604536	795.8655674323418	487.411534493903
164	94.2	94943.0	794.7312386063122	482.1123394083526	809.4527592967011	479.9374318092525	802.0919989515064	481.0248856088024
165	94.3	95043.0	790.108797302863	488.1818536249408	804.2729582024622	485.47637942773736	797.1908777526622	486.8291165263388
166	94.4	95143.0	763.11678117446	488.5775635889006	774.9677374674826	484.3544020654	769.0422593209713	486.46598282715007
167	94.5	95243.0	794.3256651883129	493.5044141928014	805.9491727421316	490.0303549557783	800.1374189652217	491.7673845742895
168	94.6	95343.0	812.5354163534803	510.0743383817285	825.9236356351647	507.3324053151479	819.229525994322	508.7033718484379
169	94.7	95443.0	811.7843445680606	500.0858984461227	825.1632040809274	497.46159872039993	818.473774324494	498.7737485832612
170	94.8	95543.0	813.183698298459	519.1142529154678	825.0945944438535	515.6841083359197	819.1391463711559	517.3991806256936
171	94.9	95643.0	773.3122191057322	491.3950757702984	787.5376841539586	488.15793448174327	780.4249516298452	489.7765051260208
172	95.0	95743.0	766.9462629268157	490.7425876037437	779.7627290717714	486.8607815910629	773.3544959992936	488.8016845974031
173	95.1	95843.0	655.4353552658843	496.7134997929401	665.8393920396046	488.9304540885016	660.6373736527441	492.8219769407208
174	95.2	95943.0	709.8537968964315	454.20356734664495	724.8727721281615	450.3666658040098	717.3632845122963	452.28511657532704
175	95.3	96043.0	739.3661502901839	452.19921662884326	754.0983336850097	448.954838960364	746.7322419875967	450.57702779460334
176	95.4	96143.0	790.1075178205497	500.2530520143576	802.3146905738266	496.7280421180221	796.211104197188	498.4905470661895
177	95.5	96243.0	804.1150509914052	500.5516108699513	816.7988502883302	497.4853984997361	810.4569506398674	499.0185046848436
178	95.8	96543.0	727.8181548486164	555.3142199873041	735.1801715021662	547.2937351948008	731.4991631753913	551.3039775910523
179	96.0	96743.0	696.3851965270945	560.885957006609	703.8797102656082	551.8447975799188	700.1324533963511	556.3653772932637
180	96.1	96843.0	694.0551716018324	565.2120541072544	700.9473429792836	555.8557126427938	697.5012572905576	560.5338833750241
181	96.2	96943.0	727.3494443844111	549.2832872485662	734.879805188851	541.2996244864937	731.1146247866308	545.2914558675297
182	96.3	97043.0	763.1381729482256	535.3270444254044	772.2124003865295	529.2945612866399	767.6752866673773	532.310802856022
183	96.4	97143.0	756.5988714726403	519.3305822461533	764.7166749540213	513.0799556709818	760.6577732133306	516.2052689585673
184	96.5	97243.0	771.6131504513888	511.28182934014194	781.0781900030352	506.17816774419686	776.3456702272119	508.72999854216914
185	96.6	97343.0	790.3435563862221	557.4547608599216	798.0544803865953	551.0353443356913	794.1990183864089	554.2450525978063
186	96.7	97443.0	844.4507253698863	585.7730108526646	852.8082375390138	580.5853437208477	848.6294814544499	583.179177286756
187	96.8	97543.0	768.5475309507772	475.6234021979436	780.0359100353318	471.6608484835457	774.2917204930537	473.6421253407445
188	96.9	97643.0	700.1811750092461	519.6692857436104	707.7938904618096	511.57623997814255	703.9875327355275	515.6227628608763
189	97.0	97743.0	688.5808154180085	504.5303843780993	696.521939951362	496.3586672531367	692.551377684685	500.4445258156178
190	97.1	97843.0	714.683408810421	525.481245874481	721.7328380126356	517.3914933887012	718.208123411528	521.436369631591
191	97.2	97943.0	683.0509179477392	552.5542274194027	689.4052932621701	542.9363317316087	686.2281056049545	547.7452795755054
192	97.3	98043.0	706.9819129927564	552.505758924063	713.794793985537	543.6178899517531	710.3883534891467	548.061824437908
193	97.4	98143.0	717.1483969336847	526.2822020398658	725.9939804080656	518.9323624589088	721.5711886708747	522.607282249387
194	97.5	98243.0	703.4923395262116	503.0348404793369	712.1724913984236	495.761143665181	707.8324154623174	499.3979920722587
195	97.6	98343.0	707.0530211760356	500.4721736137601	715.7737614507246	493.35459517666095	711.4133913133795	496.9133843952103
196	97.7	98443.0	702.3724281735507	477.60533272229054	712.9077164464194	471.3862542914228	707.6400723099847	474.49579350685633
197	97.8	98543.0	714.283211142663	496.0243260698351	724.6155540769605	489.7891977797016	719.4493826098114	492.9067619247682
198	97.9	98643.0	868.7803140519213	595.3596870473482	878.4415015203775	591.4946848311479	873.6109077861494	593.4271859392479
199	98.0	98743.0	886.3185337827375	602.7888730667769	895.5702000783344	599.0258249463365	890.9443669305361	600.9073490065565
200	98.1	98843.0	841.5180969966016	574.9283433297059	851.1787538511111	570.6654804389007	846.3484254238563	572.7969118843032
201	98.2	98943.0	1003.365792924916	544.1775832669796	1019.119176783892	547.3909946535198	1011.2424848544038	545.7842889602496
202	98.3	99043.0	1015.9087417516168	571.3190435625211	1032.252162747597	574.4161605317885	1024.080452249607	572.8676020471547
203	98.4	99143.0	1048.321692312261	552.1973618916477	1065.8678822726856	557.0505781529552	1057.094787292473	554.6239700223013
204	98.5	99243.0	1102.3689545978712	546.8371673680093	1122.1863347644692	554.2981831945876	1112.2776446811702	550.5676752812984
205	98.6	99343.0	1070.155001710693	545.4235804646714	1089.7693045736785	551.8154896828885	1079.9621531421856	548.6195350737797
206	98.7	99443.0	1073.3304242759166	567.2912155230629	1091.2449573544293	572.6276116452033	1082.2876908151725	569.959413584133
207	98.8	99543.0	1038.0828184712643	588.413495061761	1054.145085129841	591.6859483871773	1046.113951800553	590.0497217244692
208	98.9	99643.0	1028.3808147633792	582.3969784137912	1044.2291382184471	585.3903697419379	1036.3049764909128	583.8936740778644
209	99.0	99743.0	984.7633570398692	564.948685660298	1000.2336605032242	566.9400591895271	992.4985087715464	565.9443724249126
210	99.1	99843.0	1049.698352408122	582.5414329309727	1066.223209160852	586.5835421980389	1057.960780784487	584.5624875645058
211	99.2	99943.0	1007.8133151519506	573.2134632974307	1023.2400202660936	575.7262649783438	1015.5266677090216	574.4698641378872
212	99.3	100043.0	967.0569311496312	586.7717225471697	981.0255215572504	587.3055528294071	974.0412263534408	587.0386376882883
213	99.4	100143.0	1009.9283096583416	607.2168816246341	1023.9484967439817	608.5645454133853	1016.938403201162	607.89071351901
214	99.5	100243.0	980.8418195132086	580.0545202132575	995.2565880407604	581.214591245934	988.0492037769844	580.6345557295955
215	99.6	100343.0	993.3117894062492	613.3108572568908	1005.9602193025712	613.5909865617074	999.63600435441	613.4509219092993
216	99.7	100443.0	979.1489833127632	587.2460592859885	994.8058386449025	588.6863941133093	986.9774109788332	587.9662266996487
217	99.8	100543.0	1038.7267062856145	627.5932402396303	1054.0923310998037	629.7845493025352	1046.4095186927088	628.6888947710827
218	99.9	100643.0	1047.262561945754	612.4174895817432	1063.4420544771915	615.4572162450356	1055.3523082114723	613.9373529133893
219	100.0	100743.0	1069.2326156847575	604.9908263130253	1085.5837117801825	608.985617852723	1077.40816373247	606.988222082874
220	100.1	100842.0	1037.225985402951	567.6709744142087	1055.9009649436102	572.1758394023001	1046.5634751732812	569.9234069082543
221	100.2	100943.0	1072.0111213440382	574.5485465199584	1090.4218096413156	580.0229236690654	1081.216465492677	577.2857350945117
222	100.3	101043.0	1082.5895328136874	580.9299407351606	1100.244182723074	586.3366417339676	1091.4168577683806	583.633291234564
223	100.4	101143.0	1119.2740726565753	604.8308344571939	1137.4152929047557	611.0088447455355	1128.3446827806654	607.9198396013645
224	100.5	101242.0	1097.8455665963463	579.0542880498567	1115.8826026582224	585.056898432275	1106.8640846272851	582.0555932410657
225	100.6	101342.0	1073.7925207323324	566.8811153093477	1091.7256977069546	572.4195600362347	1082.7591092196435	569.6503376727909
226	100.7	101442.0	1053.1229649978752	561.6659363495277	1070.7948783770655	566.5908666887547	1061.9589216874704	564.128401519141
227	100.8	101542.0	1047.9155891958303	565.563038400773	1065.5975093381126	570.2584742519683	1056.7565492669717	567.9107563263706
228	100.9	101642.0	1094.9074220910256	573.7733783599792	1113.4038438704142	579.9905594157317	1104.1556329807206	576.8819688878551
229	101.1	101842.0	1010.9014645373422	605.2974451831014	1026.124625809534	607.0959100818856	1018.5130451734382	606.1966776324936
230	101.2	101942.0	1048.491779565357	626.8918821737878	1064.9133203261026	629.7637279861822	1056.7025499457302	628.3278050799851
231	101.3	102042.0	1103.9806492635166	639.2770136515161	1122.223022472902	644.339220384257	1113.1018358682093	641.8081170178865
232	101.4	102142.0	1035.9167446719184	667.9712906470903	1049.1034294899337	668.5912131100426	1042.5100870809265	668.2812518785664
233	101.5	102242.0	1009.518195002958	635.3138333354531	1023.9040101508264	636.1843305898255	1016.711102576892	635.7490819626394
234	101.6	102342.0	1016.4020735745204	630.4396039787833	1029.032753254566	630.9715048464385	1022.717413414543	630.7055544126108
235	101.7	102442.0	1032.4580781297566	639.0861672370474	1046.30631270701	640.5189169907503	1039.3821954183827	639.8025421138989
236	101.8	102542.0	984.482126001579	614.691054347279	997.8332110539178	614.8805894113834	991.1576685277486	614.785821879331
237	101.9	102642.0	991.6043883735358	633.3110328636837	1004.4396806105048	633.1269158972245	998.0220344920202	633.218974380454
238	102.0	102742.0	994.230058073721	642.9790189284962	1006.4256819650532	642.4436226694014	1000.3278700193872	642.7113207989485
239	102.1	102842.0	984.9068666047108	647.4252359737907	998.1832839548094	646.8676762162885	991.5450752797595	647.1464560950394
240	102.2	102942.0	980.0051855409588	680.306525415081	993.6255186969564	679.1242705572394	986.8153521189575	679.7153979861599
241	102.3	103042.0	985.473588999831	649.9675378282072	1000.0983534606372	649.884916857995	992.7859712302336	649.9262273431009
242	102.4	103142.0	1010.245244830857	666.55426024279	1024.499299395781	666.7054351289042	1017.3722721133196	666.6298476858469
243	102.5	103242.0	964.97524347179	634.8228071928847	979.68778479078	634.398887023085	972.3315141312856	634.6108471079848
244	102.6	103342.0	978.6774954730972	616.1737693584846	993.6016394433036	616.7571393583328	986.1395674581998	616.4654543584087
245	102.7	103442.0	1006.6082472436908	621.047734867661	1022.103917478237	622.6303706310923	1014.3560823609636	621.8390527493764
246	102.8	103542.0	1028.38516920965	625.0197924654286	1041.8177748355672	626.483943313926	1035.1014720226085	625.7518678896772
247	102.9	103642.0	1069.8828000562314	603.5414798811512	1084.4101802724988	606.9467273074396	1077.1464901643646	605.2441035942953
248	103.0	103742.0	1055.648274550457	570.8207363936214	1071.6303234765448	574.9572259645589	1063.639299013501	572.8889811790899
249	103.1	103842.0	1084.5749540308962	564.8010289266848	1101.7896350508745	570.353443212824	1093.1822945408849	567.5772360697542
250	103.2	103942.0	1093.2382165912456	607.4918359387566	1109.1162822684646	612.0471308984822	1101.1772494298557	609.7694834186195
251	103.3	104042.0	1096.2338634381497	606.2097642529363	1112.2041880022628	610.8653569915339	1104.219025720207	608.5375606222351
252	103.4	104142.0	1152.3281800494865	592.0999668220469	1169.559128045692	599.1641162253183	1160.943654047589	595.6320415236826
253	103.5	104242.0	1120.8505115926914	587.7481321812414	1138.1290616293888	593.9612217638539	1129.4897866110402	590.8546769725476
254	103.6	104342.0	1168.989188850381	583.2400920052058	1186.4471454493791	591.1916330119686	1177.7181671498804	587.2158625085871
255	103.7	104442.0	1042.7710762456309	555.5830541160867	1061.2152991362384	560.4240305851375	1051.9931876909343	558.0035423506121
256	103.8	104542.0	1092.2927203473755	562.7427261992821	1111.6292219955617	569.2764035524895	1101.9609711714688	566.0095648758856
257	103.9	104642.0	1129.4006715128369	571.8110933111176	1149.2692770648175	579.5196300539739	1139.3349742888267	575.6653616825456
258	104.0	104742.0	1153.2327950404792	605.7069481743763	1173.3168624093385	613.4468755903385	1163.2748287249094	609.5769118823575
259	104.1	104842.0	1134.808765981024	608.2819286700473	1153.9171991618514	615.0623507227439	1144.3629825714377	611.6721396963954
260	104.2	104942.0	1132.12982008133	593.7673087467346	1152.4925434691788	601.3613148935314	1142.3111817752542	597.564311820133
261	104.3	105042.0	1161.066515492642	608.5096388695532	1180.537852061319	616.2759698238654	1170.8021837769809	612.3928043467091
262	104.4	105142.0	1201.2668642394424	621.0667314793685	1222.5929781937773	630.3855815223949	1211.9299212166104	625.7261565008816
263	104.5	105242.0	1204.1426377280347	586.4759696453787	1228.078968575982	597.5034415355948	1216.1108031520089	591.9897055904867
264	104.6	105342.0	1238.3920139772129	599.9055904097504	1261.7553755788183	611.5872387330367	1250.073694778016	605.7464145713935
265	104.7	105442.0	1229.0870559147588	611.7348348464611	1249.1999292333376	621.7609991562001	1239.1434925740482	616.7479170013307
266	104.8	105542.0	1057.3204974494877	547.008089714246	1076.0201917618128	552.6266022377112	1066.6703446056504	549.8173459759784
267	104.9	105642.0	1041.259432625507	530.7941493677622	1061.340252593777	536.7119547508509	1051.2998426096424	533.7530520593065
268	105.0	105742.0	1035.6346807871123	503.7486584575014	1054.3310116372822	509.6007461981055	1044.9828462121975	506.6747023278031
269	105.1	105842.0	1074.750541391406	504.1268269584987	1093.4444405346978	511.1939766963458	1084.0974909630522	507.66040182742194
270	105.2	105942.0	1030.073750909811	513.3708782829265	1048.241116080046	518.8551408478216	1039.1574334949285	516.1130095653739
271	105.3	106042.0	997.5870286783096	510.9110445496016	1016.3772724378643	515.555540242762	1006.9821505580863	513.2332923961815
272	105.4	106142.0	985.4421611897895	513.5198673044775	1004.7261479297608	517.8817323339166	995.0841545597756	515.700799819197
273	105.5	106242.0	973.4221427645008	498.54731323733336	992.3526574025092	502.7093092776914	982.8874000835048	500.6283112575121
274	105.6	106342.0	975.5867841695554	522.147007442039	994.3199749582192	525.777983076884	984.953379563887	523.9624952594611
275	105.7	106442.0	1044.0292923914033	538.0232817376401	1063.7527924699914	543.8914398853901	1053.8910424306969	540.9573608115148
276	105.8	106542.0	1087.7916731107443	540.6863307481935	1109.1908777341978	548.4124968290469	1098.4912754224713	544.5494137886202
277	105.9	106642.0	1143.677542360124	549.9816088288433	1164.4639068632696	558.9003277098633	1154.070724611697	554.4409682693533
278	106.0	106742.0	1078.2203734787845	529.3439309747288	1097.237775048624	536.110918568645	1087.729074263704	532.7274247716867
279	106.1	106842.0	1165.6126434666446	517.7272323381368	1186.743757805962	528.2796999988246	1176.1782006363037	523.0034661684804
280	106.2	106942.0	1114.9150879041367	482.7934579096399	1136.2077874666404	492.7069281054148	1125.561437685388	487.7501930075271
281	106.3	107042.0	1186.5336814408886	496.6771480830941	1208.521791587243	508.7966430795761	1197.5277365140653	502.73689558133503
282	106.4	107142.0	1165.2736044786711	494.42369305547686	1186.4645477627732	505.62211841552016	1175.8690761207226	500.0229057354984
283	106.5	107242.0	1158.2907659814146	506.3238919865531	1178.3110406755743	516.630043810146	1168.300903328495	511.4769678983495
284	106.6	107342.0	1339.0599312118104	552.1056936589323	1362.6424137262918	568.2643127559105	1350.8511724690522	560.1850032074213
285	106.7	107442.0	1380.366535563489	570.9485254388019	1402.190529150466	587.3198164251803	1391.2785323569776	579.134170931991
286	106.8	107542.0	1321.316655935182	528.2593802810493	1344.5838863730658	544.2075641869736	1332.9502711541245	536.2334722340114
287	106.9	107642.0	1291.6253851053305	517.6508962390839	1315.72868113727	533.1954746504291	1303.6770331213004	525.4231854447564
288	107.0	107742.0	1318.6039889669698	506.2802020317388	1343.2248799128615	523.3070582281953	1330.914434439916	514.7936301299669
289	107.1	107842.0	1325.7754422147048	543.0922425862899	1349.5385857478575	559.0430743414025	1337.6570139812811	551.0676584638461
290	107.2	107942.0	1247.4576209769837	527.7058510561711	1268.9484709176518	540.7191806611138	1258.2030459473183	534.2125158586424
291	107.3	108042.0	1284.3128894669685	528.0684452174578	1306.127766494411	542.3451247692776	1295.2203279806895	535.2067849933676
292	107.4	108142.0	1293.1770745648992	522.7024658646544	1316.1569263030951	537.8175492259196	1304.6670004339976	530.2600075452868
293	107.5	108242.0	1094.7405498366834	491.4167220883661	1114.918957579584	500.1498510653717	1104.829753708134	495.7832865768687
294	107.6	108342.0	1136.147580438263	484.6169508587486	1157.341911960921	495.0155056372933	1146.744746199592	489.8162282480207
295	107.7	108442.0	1092.7135858288816	512.7722872315777	1112.2474232290158	520.7828311071448	1102.4805045289486	516.7775591693611
296	107.8	108542.0	1030.1169939252018	490.8107111765545	1049.3721214972472	497.4213537718102	1039.7445577112246	494.1160324741821
297	107.9	108642.0	1056.1041717479357	473.369589191802	1074.1470826643472	480.6745738361307	1065.1256272061412	477.0220815139663
298	108.0	108742.0	1089.4690333378085	490.5824927725587	1106.9973969492837	498.5216432437993	1098.2332151435455	494.5520680081789
299	108.1	108842.0	1083.852481999069	473.294803576836	1102.3864294499524	481.7335945172693	1093.119455724511	477.51419904705233
300	108.2	108942.0	1093.5581304667603	497.3072155456845	1111.9264658162049	505.3662752956485	1102.7422981414827	501.3367454206664
301	108.3	109042.0	1074.6965942706104	471.9432123966411	1091.674931010281	479.625199951728	1083.1857626404455	475.7842061741845
302	108.4	109142.0	1095.8823220362062	508.9082401087594	1112.3828046907863	516.2522343530273	1104.132563363496	512.5802372308932
303	108.5	109242.0	1135.1071006356574	512.9066519814022	1153.0188014070447	522.0728454430176	1144.0629510213505	517.4897487122099
304	108.6	109342.0	1154.237793584779	518.9831769379371	1172.7539497539983	528.6350391858324	1163.4958716693889	523.8091080618847
305	108.7	109442.0	1104.2912018334405	520.563247855583	1122.836848275983	528.4964333158078	1113.564025054712	524.5298405856953
306	108.8	109542.0	1126.2670039068164	498.51139577516784	1145.6143909002892	507.774192186485	1135.9406974035526	503.1427939808264
307	108.9	109642.0	1144.843853205789	497.1131185548295	1164.2801221240034	507.1504013132234	1154.5619876648966	502.1317599340263
308	109.0	109742.0	1151.1512736769628	515.7320991159485	1172.1810737678773	525.9435306958189	1161.66617372242	520.8378149058835
309	109.1	109842.0	1139.955825252296	505.4455225369748	1161.8548827706225	515.8104105292258	1150.9053540114596	510.6279665330999
310	109.2	109942.0	1253.1966922502206	553.3711143115603	1274.3071215019083	565.810442000562	1263.7519068760648	559.590778156061
311	109.3	110042.0	1088.3280443573155	518.5567839206906	1107.9935147970043	526.0547342258532	1098.1607795771597	522.3057590732716
312	109.4	110142.0	1098.4353925961846	531.4573454561607	1117.5314304374222	538.7828337344866	1107.9834115168037	535.1200895953233
313	109.6	110342.0	1141.331602594393	540.7403212702034	1158.8872073905547	548.7999501459894	1150.109404992474	544.7701357080962
314	109.7	110442.0	1146.7147254889478	532.326196770502	1165.8435866621908	541.503460695691	1156.27915607557	536.9148287330963
315	110.0	110741.0	954.6158588771872	537.1493702000689	971.2001876532032	539.305268168915	962.9080232651954	538.2273191844919
316	110.2	110941.0	849.5747874868089	553.8314974021371	862.093029724444	550.8817486093988	855.8339086056263	552.3566230057678
317	110.3	111042.0	928.5844285578132	587.6172250658419	942.4025249142176	586.9621526944907	935.493476736015	587.2896888801662
318	110.4	111141.0	872.1024215575007	533.2532366685379	888.0772018925876	532.822183821522	880.0898117250441	533.0377102450298
319	110.5	111241.0	681.1924320729001	555.3829461668413	688.0949541376742	545.9294313772637	684.643693105287	550.6561887720524
320	110.7	111441.0	763.783333937577	606.730193275162	769.1802001003139	597.6698877088181	766.4817670189452	602.2000404919901
321	110.8	111541.0	650.1265236720991	696.3118368108477	648.6439182770755	679.8027169970793	649.3852209745872	688.0572769039634
322	110.9	111641.0	587.1745946006224	673.68767497171	586.002436599366	655.8109299639773	586.588515599994	664.7493024678433
323	111.0	111741.0	711.7317027470658	580.505782853062	714.0629363337257	569.4883855691368	712.8973195403959	574.997084211099
324	111.1	111841.0	849.3555150911483	524.5938218521596	860.7079599468566	522.305354144874	855.0317375190025	523.4495879985164
325	111.2	111941.0	755.69431419554	490.6683337608287	764.5702164868086	485.4118893371867	760.1322653411736	488.04011154900746
326	111.3	112041.0	809.6526391039384	487.6719119088256	820.362669567878	484.7293989368598	815.007654335908	486.20065542284254
327	111.4	112141.0	804.4450351315697	479.49198407745246	816.0424968538791	476.6369002213586	810.2437659927247	478.06444214940535
328	111.6	112341.0	1047.5841854375892	517.1131454822062	1064.0657774969252	522.5327128839301	1055.8249814672572	519.8229291830678
329	111.7	112441.0	1101.1193817024816	549.7516372924049	1119.5995376881326	556.6902130984162	1110.3594596953071	553.2209251954106
330	111.8	112541.0	1067.7892848271752	546.1647533889688	1086.3300084608784	552.0793562316103	1077.0596466440263	549.1220548102895
331	111.9	112641.0	1110.3618769181232	559.5479280008544	1129.6062710816063	566.7853503792543	1119.9840739998654	563.1666391900542
332	112.0	112741.0	1113.2832202023474	545.7568955670627	1133.4815898845327	553.7300862187751	1123.3824050434405	549.7434908929189
333	112.1	112841.0	1110.7006225171656	564.1814794477683	1130.257442762326	571.3221251276221	1120.4790326397458	567.7518022876951
334	112.2	112941.0	1073.283005075821	546.5829503424158	1093.5051619487003	553.1250534319641	1083.3940835122607	549.8540018871897
335	112.3	113041.0	1193.1148960605262	570.4572902189667	1215.222685773024	580.9312009028495	1204.1687909167754	575.694245560908
336	112.4	113141.0	1245.678828185266	577.4007220123507	1268.1610321561875	589.5827054278631	1256.9199301707272	583.4917137201066
337	112.5	113241.0	1035.5647293555285	515.2569097510185	1053.7349931173876	520.920518709224	1044.6498612364576	518.0887142301208
338	112.6	113341.0	1020.0995488040212	506.0568092515695	1037.2839582462614	511.1408424712715	1028.6917535251416	508.5988258614205
339	112.7	113441.0	1043.513779647241	502.3549449158855	1060.212006220612	508.1343129772957	1051.8628929339266	505.24462894659047
340	112.8	113541.0	1020.8097936078292	476.8178058717455	1039.3031775196057	483.01311870593935	1030.0564855637172	479.9154622888421
341	112.9	113641.0	1132.2431347994843	509.1947025508316	1153.8324864114234	518.9959628961369	1143.037810605454	514.0953327234841
342	113.0	113741.0	1036.641946373314	487.7868489908103	1058.8491594125185	495.16768474588696	1047.7455528929163	491.4772668683483
343	113.1	113841.0	1153.8752973009068	537.1828615933679	1176.3677572514416	547.2368379646286	1165.1215272761742	542.2098497789982
344	114.3	115038.0	498.9120644964652	596.1711863939888	494.8405298236728	577.0959159961453	496.8762971600685	586.633551195067
345	114.4	115138.0	590.365784012288	575.3830491489837	592.2727796426278	561.1924134765677	591.319281827458	568.2877313127757
346	114.5	115238.0	498.8087988555245	555.703828896094	499.4667518783967	538.9716203709229	499.1377753669606	547.3377246335085
347	115.6	116342.0	736.3485879942008	491.9099189512633	748.3107953673494	486.5803409413662	742.329691680775	489.2451299463145
348	115.7	116442.0	812.5920463732903	519.2203196971428	824.5547082849406	515.7675983814981	818.5733773291151	517.4939590393204
349	115.8	116542.0	818.1706617831862	529.7348256748304	831.0550558527143	526.7461412097784	824.6128588179502	528.2404834423041
350	115.9	116642.0	883.553829218622	558.302014105923	894.7761483000918	556.0562307549035	889.1649887593569	557.1791224304128
351	116.0	116742.0	834.4816174836959	555.5919881217197	844.1809569111334	551.4262122243808	839.3312871974143	553.5091001730501
352	116.1	116842.0	857.7961656803603	537.9393359857617	870.3922680682292	535.8940720617469	864.0942168742945	536.9167040237539
353	116.2	116942.0	831.7866658396827	558.5188071207967	843.5583746209461	554.9652637656982	837.6725202303139	556.7420354432473
354	116.3	117042.0	962.795891926866	623.522339532019	978.1933936888386	623.5517610836631	970.4946428078524	623.5370503078411
355	116.4	117142.0	1077.7411896002384	576.176779818808	1100.214414297974	582.9519724397101	1088.977801949106	579.5643761292589
356	116.5	117242.0	1084.4238307302546	567.7220336993308	1105.288569326562	574.223649437626	1094.8562000284082	570.9728415684782
357	116.6	117342.0	1122.7657803133227	567.2814424003229	1145.207526603468	575.6042252685993	1133.9866534583955	571.442833834461
358	116.7	117442.0	987.265209506134	505.210489642962	1005.1868492148373	509.2666251407816	996.226029360485	507.23855739187167
359	116.8	117542.0	985.7864818275872	508.7575962184044	1005.0999947950708	513.4786039966962	995.4432383113284	511.1181001075501
360	116.9	117642.0	1036.7968744991078	519.5760587242111	1055.099974902242	525.3279617553862	1045.9484247006742	522.4520102397985
361	117.0	117742.0	1000.5103290071288	491.5665112921636	1021.6710937252008	497.7933990289813	1011.0907113661648	494.67995516057226
362	117.1	117842.0	999.5047780403102	482.2724360394022	1018.4688495132646	487.7736255466236	1008.9868137767876	485.0230307930127
363	117.2	117942.0	1029.5342245743218	490.0841622519322	1048.479200240583	496.13440468259824	1039.0067124074524	493.10928346726496
364	117.3	118042.0	1071.1943080432084	482.3614717536756	1090.8804037409975	490.3963388936982	1081.0373558921033	486.3789053236868
365	117.4	118142.0	1077.98123892302	501.9429292145276	1094.806885564812	508.67533299529737	1086.394062243916	505.3091311049122
366	117.5	118242.0	1031.9547845335424	458.5072890798425	1051.335325873364	465.651725136374	1041.645055203453	462.07950710810815
367	117.6	118342.0	1083.5629842861954	489.2116284558877	1101.7105376901063	496.9595786906326	1092.6367609881509	493.0856035732601
368	117.7	118442.0	1102.437359049812	505.7474573876084	1120.0285833525672	513.7169641664838	1111.2329712011897	509.732210777046
369	117.8	118542.0	1076.2038948251688	483.7166801044872	1094.6677147061323	491.5400069368383	1085.435804765651	487.62834352066255
370	117.9	118642.0	1098.5092362279818	513.7752163796857	1117.0669721649313	521.4809373510736	1107.7881041964563	517.6280768653796
371	118.0	118742.0	1133.3076347175645	518.1763188335261	1152.0156699903532	526.8872043329123	1142.6616523539587	522.5317615832191
372	118.1	118842.0	1119.4631022771498	489.9961049179882	1139.2602475680883	499.5173077977892	1129.361674922619	494.7567063578887
373	118.3	119042.0	1221.4836345910944	506.2370603530926	1243.8290305924218	519.4704883905481	1232.6563325917582	512.8537743718204
374	118.4	119142.0	1136.7467465770792	554.549329540002	1155.348644859626	562.5596049903586	1146.047695718353	558.5544672651802
375	118.5	119242.0	1156.3245355642553	519.589556900472	1179.0138249146712	530.4476296143486	1167.669180239464	525.01859325741
376	118.6	119342.0	1136.4615616303183	538.9128649056182	1157.1163264129502	548.0034684372606	1146.788944021634	543.4581666714394
377	118.7	119442.0	1032.3271070694163	493.4027235488063	1052.1669051273343	499.9846669990065	1042.2470060983758	496.6936952739062
378	118.8	119542.0	1093.7157938685052	486.5109836462333	1113.8686730644404	495.41016048642064	1103.792233466473	490.9605720663269
379	118.9	119642.0	1121.9087540222272	494.5405711179153	1143.0600114298702	504.2962269795015	1132.4843827260493	499.4183990487083
380	119.0	119742.0	1149.7403469029705	518.7881827533366	1170.5841110723532	528.9543889010278	1160.1622289876625	523.871285827182
381	119.1	119842.0	1059.9721478095507	478.1499437842351	1080.493702029231	486.2131192835621	1070.2329249193913	482.18153153389846
382	119.2	119942.0	1114.5517531331927	516.9494853972354	1136.498502371262	526.3558704255005	1125.5251277522273	521.6526779113678
383	119.3	120042.0	1001.833292046434	472.864928655021	1020.204612821628	478.62334229589976	1011.0189524340308	475.7441354754602
384	119.4	120142.0	1036.0167458091184	468.7611662072442	1054.6874023565751	475.7820068001744	1045.3520740828471	472.2715865037091
385	119.5	120242.0	1108.0118216957933	492.40812552644303	1129.6849085907045	502.073814266587	1118.848365143249	497.24096989651486
386	119.6	120342.0	1048.5710335778024	486.1065062258989	1068.6051505990167	493.3709652336485	1058.5880920884094	489.7387357297736
387	119.7	120442.0	1131.270848732408	482.5980091372497	1152.313546505233	493.0175235107404	1141.7921976188209	487.8077663239948
388	119.8	120542.0	1103.7756227520017	485.9369353264072	1125.5784643862205	495.59166893071256	1114.6770435691117	490.7643021285599
389	119.9	120642.0	1078.999531668015	496.9499576751378	1098.6717660027928	504.8225748536109	1088.835648835404	500.8862662643744
390	120.0	120742.0	1126.6820778967187	502.0989557672734	1148.4433674385018	512.0751403942613	1137.5627226676106	507.0870480807672
391	120.1	120842.0	1178.4559518409983	494.1786570199452	1201.097586883309	506.2170031516622	1189.7767693621538	500.1978300858037
392	120.2	120942.0	1176.16577597439	500.9668277730104	1198.5620136800237	512.6624874487486	1187.3638948272064	506.8146576108792
393	120.4	121142.0	1147.581084912192	485.2567758915171	1171.2116379745833	496.82425966764345	1159.396361443388	491.04051777958006
394	120.5	121242.0	1138.6619821511908	493.2445136172779	1161.804235423792	504.0924751613514	1150.233108787492	498.6684943893144
395	120.6	121342.0	1137.570770564961	510.9894988425924	1157.1894827183928	520.5665375851356	1147.3801266416774	515.7780182138639
396	120.7	121442.0	1100.0086122252935	485.56024531229633	1120.566195506127	494.77685324979024	1110.287403865711	490.1685492810432
397	120.8	121542.0	1124.4106105268804	522.2184208790951	1146.0355214359192	531.4835502072041	1135.2230659814002	526.8509855431495
398	120.9	121642.0	1103.3272962581752	499.7840566636109	1122.9499387474582	508.4548426643171	1113.1386175028167	504.119449663964
399	121.0	121742.0	1129.7546483660676	511.0602062797402	1152.1564434784063	521.0110279021279	1140.955545922237	516.0356170909338
400	121.1	121842.0	1143.6023649634824	514.4129063508367	1164.1684951040518	524.1920332338923	1153.8854300337673	519.3024697923641
401	121.2	121942.0	1211.1012130694585	533.4923555475882	1232.0345424142467	545.0560483527005	1221.5678777418527	539.2742019501442
402	121.5	122242.0	1252.495579845332	579.7730334533713	1274.3432089667256	591.6998626203608	1263.419394406029	585.7364480368659
403	121.6	122342.0	1264.6728135454146	551.7683452598654	1288.135178753506	565.1339701394312	1276.403996149461	558.4511576996482
404	121.7	122442.0	1217.5610247926518	547.8841097064742	1239.6004833307534	559.409072208045	1228.5807540617027	553.6465909572593
405	121.8	122541.0	1212.5308070802937	555.7888559112602	1235.3518794226609	567.253387101074	1223.9413432514768	561.521121506167
406	121.9	122641.0	1277.8867910880767	556.5689232201815	1300.9055902143325	570.1250448232184	1289.396190651204	563.3469840217
407	122.0	122742.0	1255.313023253178	576.2433416264134	1274.2425326339498	587.271386650472	1264.777777943564	581.7573641384427
408	122.1	122841.0	1308.1263392935098	553.2852109720917	1332.348579164321	568.3427503558031	1320.2374592289154	560.8139806639473
409	122.3	123041.0	1031.1122252347657	527.731667743745	1048.49528834784	532.4204148064895	1039.8037567913032	530.0760412751171
410	122.4	123141.0	1119.3972787662562	542.5032263221004	1137.2816484483048	549.736503341814	1128.3394636072803	546.119864831957
411	122.5	123241.0	1199.2391389447102	540.3347246959536	1223.3611953001755	552.3223593380121	1211.300167122443	546.3285420169829
412	122.6	123341.0	1178.0673002432648	532.4844401854242	1202.0667373723688	543.912017045002	1190.067018807817	538.198228615213
413	122.7	123441.0	1050.747395466153	594.0173070803107	1067.5682048002511	597.7982819806524	1059.1578001332016	595.9077945304814
414	122.8	123541.0	970.6198079935036	558.8502298745722	985.9544399084206	560.4578665706466	978.2871239509624	559.6540482226093
415	122.9	123641.0	850.9845742692034	520.8650916168431	865.5415466496861	519.4843159604593	858.263060459445	520.1747037886508
416	123.0	123741.0	864.374406626113	536.9759837692211	879.4682387198918	535.8681810197588	871.9213226730026	536.42208239449
417	123.1	123841.0	993.9035987455384	523.3798666624923	1013.535597079538	527.8940758041391	1003.7195979125383	525.6369712333155
418	123.2	123941.0	1048.8399480925918	567.2641864554384	1065.350776461576	571.5187039990603	1057.095362277084	569.3914452272493
419	123.3	124041.0	1027.8979131627386	541.5690096953033	1048.0987502762864	546.8841770663537	1037.9983317195126	544.2265933808284
420	123.4	124141.0	993.4860846135284	552.2818166868408	1013.5834740574096	556.2708683281728	1003.5347793354688	554.2763425075065
421	123.6	124341.0	1054.635687794823	601.4822065045319	1077.0488355230434	607.0900708736896	1065.8422616589337	604.2861386891105
422	123.7	124441.0	976.5000715268802	558.5718009853385	997.1950780802916	561.9563763199949	986.8475748035864	560.2640886526666
423	123.8	124541.0	1123.2812315014403	630.948038078306	1146.4982512096158	638.4370279203544	1134.8897413555276	634.6925329993302
424	123.9	124641.0	1215.5684258622753	586.913716508051	1242.0741774309558	599.4375826211067	1228.8213016466154	593.1756495645787
425	124.0	124741.0	1157.4681228467257	605.2028469764084	1183.2138561038237	615.083713073315	1170.340989475275	610.1432800248617
426	124.1	124841.0	936.2103755424296	518.8697180119201	958.6030483533171	522.328747898633	947.4067119478736	520.5992329552764
427	124.3	125041.0	970.0977513425212	573.5738911622384	990.4915012374066	576.235416713585	980.2946262899636	574.9046539379117
428	124.4	125141.0	1049.724412038246	575.3100628597105	1072.9095662620273	581.3620246051112	1061.316989150137	578.3360437324108
429	124.7	125441.0	977.133007518604	473.5357604537989	995.1467836397172	478.2453753945384	986.1398955791605	475.8905679241684
430	124.8	125541.0	923.818005619959	478.5012601809936	938.5977869882768	480.1792951336423	931.207896304118	479.34027765731776
431	124.9	125641.0	1096.794223983046	541.0231408890479	1117.9525979419282	548.9868354136402	1107.3734109624868	545.0049881513437
432	125.0	125741.0	1033.3882331287589	495.7715505443765	1053.4524813634737	502.32548002242913	1043.420357246116	499.0485152834026
433	125.1	125841.0	1076.5557211963153	540.1548199753383	1096.3585114420885	547.063394898501	1086.4571163192022	543.6091074369198
434	125.2	125941.0	950.6956702311444	516.5992855277731	968.3462541196444	519.3304627328038	959.520962175394	517.9648741302881
435	125.3	126041.0	1072.1241464889129	554.412859872803	1092.7847920422616	560.9131556891268	1082.454469265587	557.6630077809646
436	125.4	126141.0	1018.0571249745004	546.7515170859471	1037.031976023957	551.2707452875906	1027.5445504992283	549.0111311867686
437	125.5	126241.0	971.0616110500088	550.8153443133986	987.4603064962	552.8633742759312	979.2609587731048	551.8393592946646
438	125.6	126341.0	989.422195734776	485.8511900058365	1008.2947366623724	490.792262780443	998.8584661985744	488.3217263931394
439	125.7	126441.0	944.6728416764222	513.2779179423339	962.2296394227892	515.9401999102752	953.4512405496056	514.6090589263044
440	125.8	126541.0	893.7851583859315	503.028485565691	908.6298237565464	503.3790703832538	901.2074910712386	503.2037779744722
441	125.9	126641.0	922.142228448222	493.9495856872773	936.9949490651036	495.5749197386038	929.5685887566624	494.7622527129403
442	126.0	126741.0	946.3293906777852	479.04028152028417	963.1932267896492	482.32007115678846	954.7613087337172	480.6801763385363
443	126.1	126841.0	1004.3401534445388	478.0247423267232	1023.0805155583002	483.7186286536224	1013.7103345014192	480.8716854901727
444	126.2	126941.0	988.200573556518	491.1656588777476	1005.1939830874722	495.5511513097879	996.6972783219944	493.3584050937674
445	126.3	127041.0	1076.2932821693269	513.2731421964486	1094.3690205725134	520.3244830230741	1085.33115137092	516.7988126097612
446	126.4	127141.0	1151.8721910277532	526.810763704978	1171.280633859483	536.1584314538082	1161.576412443618	531.4845975793929
447	126.5	127241.0	1188.0528928607182	528.6741008363966	1207.493255415336	539.1479253290994	1197.7730741380274	533.911013082748
448	126.6	127341.0	1176.1687220622262	533.7907525586078	1196.706640615404	544.2149077882021	1186.437681338815	539.0028301734051
449	126.7	127441.0	1178.3732172035443	540.4725430497765	1200.0213835785962	551.1912862735632	1189.19730039107	545.8319146616698
450	126.9	127641.0	1266.73962390134	552.3778039044596	1286.549568622091	564.8493696405328	1276.6445962617158	558.613586772496
451	127.1	127841.0	1125.9434497603322	496.0926121718491	1146.40472897094	505.8051738360223	1136.1740893656367	500.9488930039356
452	127.2	127941.0	1115.1883548157114	531.1614627818258	1135.4032293812834	539.610183245753	1125.2957920984977	535.3858230137894
453	127.3	128041.0	1100.3213088662717	507.1993489623854	1121.4501904159606	515.9776888989675	1110.8857496411165	511.58851893067634
454	127.4	128141.0	1094.2420778847218	502.6911507889293	1113.4404871547304	510.7787195128904	1103.8412825197252	506.7349351509096
455	127.5	128241.0	1139.6696583749815	514.8657136931321	1159.185360807311	524.2344615594702	1149.4275095911469	519.550087626301
456	127.6	128341.0	1097.3344253699254	495.1259927058651	1117.294391507469	503.75438639646063	1107.3144084386972	499.4401895511626
457	127.7	128441.0	1094.698420955052	491.3210723331022	1115.0018640514252	500.3314492571054	1104.8501425032382	495.8262607951036
458	127.8	128541.0	1187.7560597769902	495.8703702735111	1208.3924651206853	507.7673714972032	1198.0742624488378	501.81887088535694
459	127.9	128641.0	1138.1507169377553	527.4874686285945	1156.3692304325311	536.0660805732015	1147.2599736851437	531.7767746008979
460	128.0	128741.0	1118.7794470462898	491.83131122707374	1137.0748044902618	500.8103923580043	1127.927125768276	496.32085179253886
461	128.1	128841.0	1213.2877649671125	505.9048804692453	1232.342735799958	517.9102789881995	1222.815250383535	511.9075797287223
462	128.2	128941.0	1056.6386131624508	471.6940437576624	1071.2057047233266	477.9942468958786	1063.9221589428892	474.8441453267704
463	128.3	129041.0	1016.61349421233	511.1099067941205	1030.405514976747	515.0699741965337	1023.5095045945386	513.0899404953268
464	128.8	129541.0	1065.292633686163	478.8848382103057	1083.9305468559382	486.48767866333264	1074.6115902710503	482.6862584368191
465	128.9	129641.0	1075.416767848104	481.83577966544175	1094.9014625757636	489.8136647864996	1085.159115211934	485.8247222259706
466	129.0	129741.0	1071.5482177550955	478.7711370508854	1089.9058980915215	486.5058418750549	1080.727057923309	482.6384894629701
467	129.1	129841.0	1138.9555719405523	485.8472343827666	1158.9699723965405	496.0314980557181	1148.9627721685465	490.9393662192423
468	129.3	130041.0	1312.8680161608102	580.7593626369675	1334.7135581749103	594.5990452930112	1323.7907871678597	587.6792039649893
469	129.5	130241.0	1317.6152364085565	545.0171427689645	1339.19707519024	559.8162835048304	1328.4061557993982	552.4167131368973
470	129.6	130341.0	1315.3863930607183	565.1123279445748	1337.1079988969714	579.3243241085138	1326.2471959788456	572.2183260265443
471	129.7	130440.0	1280.0293963762806	572.6018441856555	1303.4945660894634	586.1208891646625	1291.7619812328726	579.361366675159
472	130.4	131140.0	1325.578437502807	502.9207108748783	1348.5445833843503	519.6891482441674	1337.0615104435783	511.30492955952286
473	130.5	131240.0	1287.194384086524	527.3577899551364	1309.187540597481	541.9400721060771	1298.1909623420024	534.6489310306065
474	131.8	132536.0	1090.2297521264732	491.03662083972864	1112.8636947955988	500.5636368650199	1101.5467234610362	495.800128852374
475	131.9	132637.0	1058.1652168507876	502.06473984355296	1078.7047220627824	509.5932241390455	1068.4349694567854	505.82898199129903
476	132.0	132736.0	1003.0721865182504	522.1675825904239	1021.8709884022184	526.6740437408154	1012.4715874602344	524.4208131656194
477	132.1	132836.0	991.5170017998804	510.1290364711967	1011.3188267703212	514.8759773411354	1001.4179142851012	512.5025069061658
478	132.2	132936.0	1024.936693417166	547.7738185154748	1043.5758753216414	552.2613732902995	1034.2562843694034	550.017595902887
479	132.3	133036.0	973.6423709377136	545.1052806356538	993.220140129664	548.3879110753826	983.431255533689	546.7465958555182
480	132.4	133137.0	936.4794245909902	545.4694600323664	953.2338379924348	546.782584119321	944.8566312917126	546.1260220758435
481	132.5	133236.0	1012.318724255456	527.006044106623	1031.7396712443544	531.7684867568933	1022.029197749906	529.3872654317579
482	132.6	133336.0	1089.6756518864163	506.3321866154456	1108.423405607114	513.8943456956966	1099.0495287467656	510.1132661555711
483	132.7	133436.0	1013.9824235662456	479.712626718188	1035.0021915102786	486.3338692967087	1024.4923075382617	483.0232480074482
484	132.9	133636.0	858.7052369679044	389.6854523622331	868.2531430354819	390.6055292804816	863.4791900016928	390.14549082135744
485	133.3	134036.0	795.5093311065539	503.0743470295537	807.8528729635643	499.9198361626866	801.681102035059	501.4970915961202
486	133.6	134336.0	1046.0850135832316	559.4671843879414	1066.1821949401528	564.8701090223992	1056.1336042616922	562.1686467051702
487	133.7	134436.0	1114.2525120913397	577.6108333025007	1135.4137152529374	585.0330760160922	1124.833113672139	581.3219546592961
488	133.8	134536.0	1023.6338646315936	559.4112827231597	1042.8750936503056	563.8084343447014	1033.2544791409491	561.6098585339303
489	133.9	134636.0	879.9129512941514	640.702731878233	889.7266446000405	635.6832809783591	884.8197979470955	638.1930064282959
490	134.0	134736.0	716.340674884751	754.2738213578107	714.2440783523728	738.3752229839371	715.292376618562	746.3245221708735
491	134.1	134836.0	629.8695158726224	681.0903217856923	631.2470697702555	665.2233226593197	630.5582928214385	673.1568222225055
492	134.2	134936.0	636.1787108855126	570.1343638602439	644.5017612931579	558.9024792519438	640.3402360893349	564.5184215560939
493	134.3	135036.0	655.109913180171	560.5812797682537	664.0201132995654	550.451374663781	659.5650132398679	555.5163272160172
494	134.4	135136.0	986.8605385978458	554.5287437484036	1007.6969895248308	558.1648437892666	997.2787640613378	556.3467937688348
495	134.8	135544.0	1259.5991887279934	643.8887600692523	1284.345446503787	655.3934037373256	1271.97231761589	649.6410819032888
496	134.9	135636.0	1179.638711967271	585.2733651807955	1205.0457690471444	595.760322124678	1192.3422405072076	590.5168436527365
497	135.9	136644.0	1210.683699058922	626.6196679842093	1234.2176029556324	636.8618541993706	1222.4506510072774	631.7407610917899
498	136.0	136736.0	819.7288834835625	544.3659528338296	832.1808903396984	540.5495444809017	825.9548869116306	542.4577486573654
499	136.1	136836.0	787.8501209198654	535.1820707762175	799.3448784884205	530.5278382741743	793.5974997041429	532.8549545251956
500	136.2	136936.0	768.7679979698534	503.9744586365456	779.3492294490229	499.2729830656322	774.058613709438	501.6237208510888
501	136.3	137044.0	759.7216427720182	468.71019268046666	772.2059274685635	464.8800723222526	765.9637851202906	466.7951325013596
502	155.8	156544.0	871.0582101569961	581.3783223774931	884.9677354348136	578.8871436331967	878.012972795905	580.1327330053448
503	155.9	156644.0	904.5484136267336	620.6149088001749	919.0039952510888	618.4877516658962	911.7762044389104	619.5513302330357
504	156.0	156736.0	705.7527346999399	581.1941134749497	714.2151589428705	571.608534849824	709.9839468214051	576.4013241623867
505	156.1	156836.0	811.8562508280219	591.9168160293674	823.4999614049184	586.5118730732033	817.6781061164696	589.2143445512853
506	156.3	157044.0	761.6511246102922	492.2491491769391	776.2480840913173	488.3367459139965	768.9496043508049	490.2929475454678
507	156.4	157144.0	634.2283735781739	473.23529191379566	644.8672921615506	464.8040214702321	639.5478328698618	469.0196566920139
508	156.6	157336.0	606.9758794170085	492.5801042648735	619.0244440281905	483.48283501116543	613.0001617225992	488.0314696380193
509	156.7	157436.0	636.0771002264117	486.939949024612	649.7634597420875	479.2966497084347	642.9202799842495	483.1182993665232
510	156.8	157544.0	652.0891187418517	541.3825892441382	661.7728858000847	531.8758006215171	656.9310022709683	536.6291949328274
511	156.9	157644.0	601.6125387192604	521.0711589531438	608.2726171722444	509.55361072867714	604.942577945752	515.3123848409102
512	157.0	157736.0	682.2798601630498	505.1762995825644	693.41823815289	497.7501075770118	687.8490491579694	501.463203579788
513	157.1	157836.0	704.626893541341	473.01736374896666	719.4515375740827	468.0787337973603	712.0392155577117	470.5480487731634
514	157.2	157936.0	681.2821319257713	455.6676887460004	697.2798274022455	450.8439582327	689.2809796640084	453.25582348935
515	157.3	158044.0	591.2738538669789	465.2786886775025	602.6354856511605	456.2465518033882	596.9546697590695	460.762620240445
516	157.4	158144.0	694.9834643637279	478.7027876287261	707.8954354663914	472.70541985475234	701.4394499150599	475.7041037417391
517	157.5	158236.0	634.8656196748456	445.86323519191865	648.5745121351538	438.98836843645057	641.7200659049994	442.4258018141845
518	157.6	158336.0	603.1319382422139	461.2964146093354	616.0480472531088	452.9758928638423	609.5899927476612	457.1361537365888
519	157.7	158436.0	635.2304812779954	482.3238045443664	647.3666513491199	473.9608232090568	641.2985663135578	478.1423138767115
520	157.8	158544.0	672.786650474513	502.8074047733701	684.8592608797215	495.0626277051931	678.8229556771167	498.93501623928137
521	157.9	158644.0	696.3440596268334	479.4380298438129	709.3128200952192	473.1997446438808	702.8284398610261	476.31888724384686
522	158.0	158744.0	719.6640269141185	463.8220099789607	734.3648536535367	459.1036168902774	727.0144402838275	461.46281343461897
523	158.1	158844.0	826.5780911005453	512.6235827518577	841.7502276011699	510.33506480021975	834.1641593508572	511.4793237760385
524	158.4	159144.0	783.6106793206146	504.5025167304902	798.8562832289105	501.4322071162824	791.233481274762	502.967361923386
525	158.5	159244.0	803.0606007761361	510.29081212312735	819.2844992982463	508.1409074891743	811.1725500371911	509.2158598061505
526	158.6	159344.0	806.345154738023	536.4439112520521	821.0653475461955	533.343598956393	813.7052511421089	534.8937551042222
527	158.7	159444.0	710.3849229059299	487.40890694777454	725.0825349114202	482.3218167256489	717.733728908675	484.8653618367116
528	158.8	159544.0	806.6354340211115	529.8737950912449	822.2227119738304	527.128364792377	814.4290729974706	528.501079941811
529	158.9	159644.0	827.2347423165043	545.7264425390454	844.3595070871685	543.5798287296453	835.7971247018362	544.6531356343453
530	159.0	159744.0	857.896746469537	547.1515780448784	873.6527023931433	545.6447551689686	865.7747244313397	546.3981666069234
531	159.1	159844.0	847.8835001851776	545.1319842029221	863.9525315668403	543.2684877096779	855.9180158760087	544.2002359562997
532	159.2	159944.0	852.0623640970484	531.5816572864355	870.8964397319901	530.9590825792424	861.4794019145197	531.2703699328389
533	159.3	160044.0	857.4832682862293	547.8166306877511	874.7210797988524	546.5600916411636	866.1021740425407	547.1883611644572
534	159.4	160144.0	880.6558571828682	546.2190500022131	897.7666874933992	545.6270820638304	889.2112723381338	545.9230660330214
535	159.5	160244.0	811.3397728444794	521.1486425683412	828.0027904237576	518.908884277533	819.6712816341185	520.0287634229368
536	159.7	160444.0	948.5344401418342	528.1018135181455	965.3994268018084	530.0288396963043	956.966933471821	529.0653266072246
537	159.8	160544.0	988.0585796419988	518.9990316182942	1006.9445669314308	523.0870544141911	997.5015732867148	521.0430430162423
538	159.9	160644.0	979.3638877688468	516.8116521119351	999.1095641956776	520.9931923309279	989.236725982262	518.9024222214309
539	160.0	160744.0	1014.7471848453812	530.5069265377493	1038.4426258392714	536.5701872011197	1026.5949053423262	533.5385568694344
540	160.1	160844.0	978.5956581069522	547.6611553188662	999.5650676941666	551.3639050658348	989.0803629005588	549.5125301923505
541	160.2	160944.0	997.4282198741876	555.6075371341407	1017.687558859479	559.6018836668632	1007.5578893668336	557.6047104005017
542	160.3	161044.0	1043.26555815397	560.5421898989379	1065.1743930835278	566.2151977879653	1054.2199756187492	563.3786938434514
543	160.4	161144.0	934.1333022545516	541.7275890440301	952.6735961255292	543.3672228089104	943.4034491900404	542.5474059264701
544	160.8	161543.0	1042.64957131363	532.4816313802638	1062.3772450366105	538.0291524111951	1052.5134081751205	535.2553918957291
545	160.9	161643.0	984.0884787983972	490.48965348661017	1003.4054379997872	495.2371659870525	993.7469583990924	492.8634097368311
546	161.0	161743.0	892.1169382207994	535.3672521879719	907.5619141187088	534.806052737334	899.839426169754	535.0866524626528
547	161.1	161843.0	692.718065578275	476.7556291484509	707.9825033627727	471.3847569246027	700.3502844705237	474.0701930365266
548	161.2	161944.0	645.1473675983376	453.1283191281634	661.0720023288719	446.8574278451362	653.1096849636044	449.99287348664967
549	161.3	162043.0	779.2045836240305	489.9975332721606	795.3305193666778	487.13429190390855	787.2675514953538	488.5659125880344
550	161.4	162143.0	701.9782925280465	489.5053018169849	713.421985790837	482.8402603260726	707.7001391594415	486.17278107152856
551	161.5	162243.0	689.570111017576	464.88517852909337	704.6848465801168	459.633967417888	697.1274787988457	462.2595729734905
552	161.6	162343.0	678.2378862998572	481.6948791698607	692.6531279360653	475.548397959716	685.4455071179611	478.6216385647883
553	161.7	162443.0	704.0306862749499	484.1041350458215	719.0586207138616	478.8046889615951	711.5446534944055	481.4544120037081
554	161.8	162543.0	707.2034627522996	422.7194960959105	721.1442165218584	418.4014933648239	714.1738396370789	420.5604947303671
555	161.9	162643.0	795.9795887236365	433.6553527552314	812.5459323719571	432.7126273037424	804.262760547797	433.18399002948667
556	162.0	162743.0	620.787353712161	430.6691262796856	632.9844712949537	422.9443720909672	626.8859125035574	426.8067491853263
557	162.1	162843.0	718.8843895081502	465.043830489575	734.2308452290923	460.7245015402205	726.5576173686211	462.8841660148975
558	162.2	162943.0	721.5721322672154	464.57361235543135	735.2246673144521	459.8898668635282	728.3983997908335	462.2317396094796
559	162.3	163043.0	700.1951254191963	485.18381557624593	713.8956731974398	479.5374802001906	707.045399308318	482.3606478882182
560	162.4	163143.0	730.1721966295579	462.60479554566587	745.7445603617618	458.8694846059299	737.9583784956595	460.7371400757977
561	163.0	163743.0	749.1832151149824	499.4697287143785	765.3584584917526	495.63453921733327	757.2708368033674	497.5521339658556
562	163.2	163943.0	762.1137871289519	530.2941849366583	780.7477126722865	526.9254673167635	771.4307499006195	528.6098261267108
563	163.3	164043.0	770.0163191005731	511.6536383662743	790.1168415203545	509.5576993507064	780.0665803104636	510.6056688584901
564	163.4	164143.0	765.792712857231	492.87604814031016	785.5129569604956	490.8343305388906	775.6528349088626	491.85518933960026
565	163.5	164243.0	791.5949689120287	500.0505880555922	809.5878830485717	498.0576380071899	800.5914259802994	499.05411303139095
566	163.6	164343.0	830.9172061176598	494.34388613607325	849.2205359348405	493.4517141894576	840.0688710262502	493.8978001627655
567	163.7	164443.0	892.0594688692469	486.9863855960381	912.0113091132564	488.7360939128546	902.0353889912514	487.8612397544463
568	163.8	164543.0	847.2623513469418	436.8285420807827	868.3704110819913	438.677708751563	857.816381214467	437.7531254161728
569	163.9	164643.0	860.1567255491012	482.8573412098049	880.7469261039425	484.0107958909383	870.4518258265218	483.43406855037136
570	164.0	164743.0	883.8602094928885	480.4449128004225	903.2105906586214	481.8637317842474	893.5354000757552	481.154322292335
571	164.1	164843.0	820.8449828652134	516.4227493415763	836.0176766724579	514.1629295897502	828.4313297688353	515.2928394656628
572	164.2	164943.0	832.9223839549953	499.1645291993543	849.723585076345	498.0816770144171	841.3229845156706	498.6231031068856
573	164.3	165043.0	845.0439809991839	508.72634044594224	860.1289128328378	507.3141354837788	852.5864469160105	508.0202379648604
574	164.4	165143.0	913.1725222287754	502.53007301675206	930.3716162706288	504.0172719097078	921.772069249702	503.2736724632297
575	164.5	165243.0	932.4361041786998	512.1983294117813	951.315023757706	514.497075881002	941.8755639682028	513.3477026463914
576	164.6	165343.0	916.7852080847088	519.7146287930991	935.409558085144	521.2934886651899	926.0973830849268	520.5040587291444
577	164.7	165443.0	926.6857991700602	494.3093231901896	946.0111372032708	496.8758818386579	936.348468186665	495.5926025144235
578	164.8	165543.0	951.3211172553432	498.7483766360981	970.6229816059532	502.04542916981006	960.972049430648	500.39690290295374
579	164.9	165643.0	1036.8536978984257	518.7034305150468	1058.5160995113206	525.0196700767539	1047.6848987048734	521.8615502959
580	165.0	165743.0	1018.4452707564848	544.4958325288119	1039.0739960589556	549.0800988487625	1028.7596334077195	546.787965688787
581	165.1	165843.0	1026.2373330157334	518.002650215331	1047.935156414252	523.9624021592706	1037.0862447149918	520.9825261873007
582	165.2	165943.0	967.527366660185	502.6885185187083	988.574126871668	506.9577678277326	978.0507467659262	504.8231431732202
583	165.3	166043.0	984.176255624242	506.6266738507034	1005.5718614228128	511.3786375103688	994.8740585235272	509.002655680536
584	165.4	166143.0	972.1934493499716	487.88683826843095	994.4525824243248	493.0492065107148	983.3230158871476	490.4680223895725
585	165.5	166243.0	1053.4863865610707	537.7339229540403	1075.5996514526248	544.2633189679732	1064.543019006849	540.9986209610067
586	165.6	166343.0	1086.0403876621565	549.3647965887403	1109.6207214998924	556.9716929608422	1097.830554581024	553.1682447747912
587	165.8	166543.0	688.4091689613026	523.7326919741498	702.1379748708678	516.5971492532101	695.2735719160847	520.1649206136799
588	165.9	166643.0	666.0265134095393	470.1089535759589	677.1548458367715	462.63330824181423	671.5906796231552	466.3711309088865
589	166.0	166743.0	590.2268774413353	490.23065417266776	598.9465168428442	479.16602706290746	594.5866971420893	484.6983406177876
590	166.1	166843.0	600.0401961635795	464.62786353859866	610.6440743808247	455.05716592253486	605.3421352722021	459.8425147305668
591	166.2	166943.0	602.9912034967488	484.6301882148151	611.8404088731278	474.12984614657495	607.4158061849382	479.380017180695
592	166.3	167043.0	584.0443303639994	497.292789376721	593.1633006911245	486.32407591618255	588.6038155275616	491.8084326464515
593	166.4	167143.0	616.9030196894118	503.6181557408394	626.5801752410415	493.7911696620735	621.7415974652264	498.70466270145647
594	166.5	167243.0	613.7088219824568	438.8509901130788	627.5429893129333	431.6246140204152	620.6259056476952	435.2378020667469
595	166.6	167343.0	573.4010415940654	437.4115364771332	585.6007233955446	428.43629621753576	579.500882494805	432.9239163473345
596	166.7	167443.0	660.9316342801704	478.82373959953424	674.7071245110805	472.04467294387615	667.819379395625	475.43420627170497
597	166.8	167543.0	627.5166320183348	453.67611276143015	641.7347772000102	446.5466862681831	634.6257046091723	450.11139951480624
598	166.9	167643.0	654.2721272203212	497.4477724177888	669.6664166668576	490.3813614616751	661.9692719435891	493.9145669397319
599	167.0	167743.0	635.4151228670693	534.904606260474	646.7251518938807	525.5765034152301	641.0701373804749	530.2405548378518
600	167.1	167843.0	751.2495777645366	494.09707941045	768.582067277838	490.9099171072895	759.9158225211874	492.5034982588697
601	167.2	167943.0	691.561337717897	521.6922461128853	704.1426017511758	514.4729398829502	697.8519697345364	518.0825929979173
602	167.3	168043.0	711.1587599817278	595.2191606570085	719.5153176170161	585.7907175546793	715.337038799372	590.5049391058436
603	167.4	168143.0	775.9563268930557	561.2664696682925	788.4431638776409	555.716806207941	782.199745385348	558.4916379381166
604	167.5	168243.0	631.1297174456372	497.8643811442523	641.9386748055466	488.78935301873446	636.5341961255914	493.3268670814933
605	167.6	168343.0	698.8410788484382	513.034493446291	710.9520799812756	505.94234640078434	704.8965794148565	509.4884199235376
606	167.7	168443.0	655.2525997913943	530.5587387538484	666.2786673935027	521.6320726624361	660.7656335924485	526.0954057081422
607	168.0	168743.0	763.6822628438614	525.4986132151442	780.4046709853097	521.7312938880975	772.0434669145853	523.6149535516206
608	168.1	168843.0	716.2067243135317	583.4884050997339	726.942080696812	575.2099653944878	721.5744025051719	579.3491852471109
609	168.2	168943.0	732.0254056305437	587.7249784730512	744.1288749139088	580.4446388202122	738.0771402722258	584.0848086466317
610	168.3	169043.0	714.7249502550376	539.1940604643241	727.2899760077396	532.4284789193299	721.0074631313888	535.8112696918269
611	168.4	169143.0	724.1176384795544	499.1263459208681	739.6729963602105	494.3811843621443	731.8953174198825	496.7537651415061
612	168.5	169243.0	771.3480896805111	511.3587753584273	788.1409053147123	508.134931009211	779.7444974976116	509.74685318381887
613	168.7	169443.0	941.0437428587304	519.9778392071931	959.3172203044694	521.9051154164448	950.1804815816	520.9414773118186
614	168.8	169543.0	947.2996431521534	544.3133956498782	964.3635914124036	545.7053315123595	955.8316172822782	545.0093635811186
615	168.9	169643.0	952.140229324386	554.9326175363672	970.3807775408674	556.7075123805564	961.2605034326268	555.8200649584616
616	169.0	169743.0	1018.1912167154594	564.8290159688003	1037.7387151436003	568.6498079770672	1027.9649659295303	566.7394119729338
617	169.1	169843.0	980.6769512830076	517.9512459423065	1000.2084798331224	521.783820141726	990.4427155580652	519.867533042016
618	169.3	170043.0	992.3642282613472	545.5771270535527	1011.0442886810332	548.7553444828648	1001.7042584711904	547.1662357682085
619	169.4	170143.0	985.8541501331912	479.1907709808794	1007.482424361664	484.5030825093595	996.6682872474278	481.8469267451195
620	169.5	170243.0	1063.4244957680287	542.8526357247113	1085.0141007206205	549.2034008650242	1074.2192982443248	546.0280182948676
621	169.7	170443.0	1133.3899803999482	561.2113271949047	1156.7546057020045	569.8526961172189	1145.072293050977	565.5320116560615
622	169.8	170543.0	1100.788691773562	558.6114080830915	1123.4672217123225	566.2414378149884	1112.1279567429424	562.4264229490398
623	169.9	170643.0	1114.6691454426782	530.726727654682	1137.6421679348975	539.5480649258066	1126.1556566887875	535.137396290244
624	170.0	170743.0	1050.9863960325135	495.2380889404134	1074.4118820194874	503.3105445006154	1062.6991390260002	499.2743167205143
625	170.1	170842.0	1097.8918737988706	507.5948999026066	1121.8855407045494	516.8760467432244	1109.88870725171	512.2354733229153
626	170.2	170942.0	603.0198425807594	500.1831735294065	617.1859225945993	491.3005144453181	610.1028825876788	495.7418439873621
627	170.3	171042.0	568.7154443191323	485.8063772897901	581.1217110234503	475.0768936018542	574.918577671291	480.4416354458221
628	170.4	171142.0	647.0675458693288	477.887868311931	660.5237985401757	470.19980605882	653.795672204752	474.0438371853754
629	170.5	171242.0	572.6613663825149	456.2208146602972	586.0161161502821	446.68078216755055	579.3387412663983	451.4507984139238
630	170.6	171342.0	534.497753984635	473.954879763815	546.4351618294581	462.3455379661677	540.4664579070461	468.15020886499127
631	170.7	171442.0	577.9064632904965	549.895417194979	587.7914245322752	537.6666385773885	582.8489439113855	543.7810278861839
632	170.8	171542.0	655.6384553824142	561.8549234618146	666.3932094917835	552.0108400784598	661.015832437099	556.9328817701372
633	170.9	171642.0	594.3283500399818	564.9309900376854	603.7213669533068	552.5821414058598	599.0248584966439	558.7565657217725
634	171.0	171742.0	606.3332706233559	477.37007995945487	620.0211391618046	468.805905065954	613.1772048925801	473.0879925127045
635	171.1	171842.0	683.8502215745102	481.9102646234538	699.9070726889381	476.3586198143763	691.8786471317239	479.1344422189149
636	171.2	171942.0	590.6814742953428	590.5605485028817	601.1030301561088	578.375735938585	595.8922522257254	584.4681422207334
637	171.3	172042.0	679.4892881909856	571.868387833787	691.0064184640039	563.1640502663877	685.2478533274943	567.5162190500872
638	171.4	172142.0	698.6998638056004	482.9015226666485	713.4413108377328	477.3777597368602	706.0705873216663	480.1396412017543
639	171.5	172242.0	773.6090965411813	500.7935986991602	789.5784890830993	498.2387517595328	781.5937928121401	499.5161752293466
640	171.6	172342.0	740.6811514968878	500.12736467192553	756.3272438689389	496.1200630971756	748.5041976829132	498.1237138845505
641	171.7	172442.0	711.2894628722756	556.7870434867125	725.3024848561676	550.1437408367556	718.2959738642212	553.4653921617338
642	171.8	172542.0	649.0855622774168	544.9919787647341	661.3231144993927	536.0893417301048	655.2043383884045	540.5406602474194
643	171.9	172642.0	643.5679299335918	493.3836178842855	656.5257535969695	485.55251949410354	650.0468417652805	489.4680686891944
644	172.1	172842.0	749.4469188393165	509.0162586311034	764.4074690760739	504.7315696190981	756.9271939576948	506.8739141251006
645	172.2	172942.0	649.95210876557	518.2315622009205	663.2557518780745	510.0479520191202	656.603930321822	514.1397571100202
646	172.3	173042.0	751.8046659320415	572.5202889855992	765.0793671085672	565.9796506155665	758.4420165203042	569.2499698005829
647	172.4	173142.0	687.7943923657871	560.1646655955765	700.4640538011753	552.0466868972238	694.1292230834811	556.1056762463999
648	172.5	173242.0	809.6176269352369	586.9288212954783	824.272907223993	582.4038434366095	816.9452670796147	584.6663323660438
649	172.6	173342.0	709.8681485982354	543.0398289904942	721.8200339590737	535.5258495448844	715.8440912786543	539.2828392676893
650	172.7	173442.0	716.0935059059296	536.2550080240363	728.8172236801176	529.3465625848496	722.4553647930235	532.8007853044428
651	172.8	173542.0	810.5197639161556	555.3126385778681	826.3164588020462	551.9497716259149	818.418111359101	553.6312051018913
652	172.9	173642.0	885.2721293814767	558.0885190632631	904.3801052478136	557.9026792263682	894.8261173146445	557.9955991448157
653	173.0	173742.0	925.5182841135324	613.4401354392273	941.4607179001334	612.2089182042059	933.489501006833	612.8245268217166
654	173.1	173842.0	881.1970620226446	598.6908334111706	897.9478461107948	596.7580349507382	889.5724540667196	597.7244341809543
655	173.2	173942.0	849.016313680697	563.2430703793624	865.4813982216958	561.049585871914	857.2488559511963	562.1463281256382
656	173.3	174042.0	757.896355579273	590.6389252829529	770.4998491336431	583.8511668639627	764.198102356458	587.2450460734577
657	173.4	174142.0	794.7792126373123	529.4709642241646	814.2482477368953	527.0776616144375	804.5137301871033	528.274312919301
658	173.5	174242.0	954.7439653387576	646.1223763732476	969.4045182325898	644.5939771873881	962.0742417856736	645.3581767803179
659	173.6	174342.0	877.6685644387208	597.0861866698683	892.2804339802477	594.3615105563402	884.9744992094846	595.7238486131041
660	173.7	174442.0	882.8160566818391	576.0159956938678	898.5929081982284	574.2548100900781	890.7044824400334	575.1354028919727
661	173.8	174542.0	951.6622124175296	562.4468265935825	968.5698294720764	563.3372251410938	960.116020944803	562.892025867338
662	173.9	174642.0	1071.2062714893373	558.0430047397936	1090.8869467599482	563.7326796029113	1081.046609124642	560.8878421713522
663	174.0	174742.0	1000.7181844059166	541.2885119920426	1023.4748515880092	545.9715801047512	1012.0965179969631	543.6300460483969
664	174.1	174842.0	907.0880439676944	540.4053514751479	926.3932520132704	541.2502343226314	916.7406479904818	540.8277928988895
665	174.2	174942.0	957.8741368165788	553.3902684694054	978.277975968173	555.8446231243463	968.076056392376	554.6174457968757
666	174.3	175042.0	988.94122261057	550.1277901773309	1010.1389622750615	553.9312341041842	999.540092442816	552.0295121407573
667	174.4	175142.0	1086.1418954952264	576.6720036482087	1108.3335070102664	583.0597124110371	1097.2377012527468	579.8658580296228
668	174.7	175442.0	1110.2834411550796	528.2397577547903	1133.8782580058528	536.9366429898638	1122.080849580466	532.5882003723268
669	174.8	175542.0	694.3076580785632	553.6950965796437	705.237260903831	545.0067185692554	699.7724594911967	549.3509075744495
670	174.9	175642.0	664.2153015819225	552.5088639316227	675.2733400340999	542.9873949803136	669.7443208080111	547.748129455968
671	175.0	175742.0	685.9403953874711	569.1792123528213	697.7369139645648	560.4385145265146	691.8386546760178	564.8088634396679
672	175.1	175842.0	594.9515867434739	538.3431354791526	604.3470333011348	526.910667858129	599.649310022304	532.6269016686406
673	175.3	176042.0	653.1237443899088	494.15365655167153	664.0653581066871	485.6007835850867	658.5945512482973	489.877220068379
674	175.4	176142.0	590.7424806415576	526.7070166017261	598.8683843687678	514.5577385571132	594.8054325051627	520.6323775794195
675	175.5	176242.0	639.9220362589548	506.053266921807	652.3502136744847	497.3599980402598	646.1361249667196	501.7066324810333
676	175.6	176342.0	597.8044587846161	481.5733306169235	609.7976026523958	472.2025344142985	603.8010307185061	476.8879325156109
677	175.7	176442.0	632.3948808930464	482.54583801663625	648.6499541245993	475.58457963669474	640.5224175088229	479.0652088266654
678	175.8	176542.0	587.0013988252123	491.8610964834254	601.5484116730065	482.7852288500572	594.2749052491091	487.323162666741
679	175.9	176642.0	622.2357305988536	520.6451365083778	637.3991070552712	512.048596797712	629.817418827062	516.3468666530447
680	176.0	176742.0	565.7767081836263	544.7865023880134	576.4845529836314	532.6584345982417	571.1306305836285	538.7224684931274
681	176.1	176842.0	695.1801522012627	561.0073543389028	709.0387848576922	553.4421414637627	702.109468529477	557.2247479013328
682	176.2	176942.0	637.2908353292845	504.9410258342429	652.5014876557252	497.052071089861	644.8961614925047	500.99654846205175
683	176.3	177042.0	696.8183806447946	507.8613523235305	712.3273279489898	502.0982049496309	704.5728542968917	504.9797786365805
684	176.4	177142.0	647.4169653791191	482.9611041000513	660.8554947291024	475.5632595186815	654.1362300541105	479.2621818093664
685	176.5	177242.0	681.1755389584157	513.6429815484705	693.3404097545083	506.11045370218375	687.2579743564621	509.8767176253269
686	176.6	177342.0	628.2132349083652	498.36449259609896	640.4376768950955	489.8697687602133	634.3254559017299	494.117130678156
687	176.7	177442.0	694.1400409295302	516.2213084981521	705.8047461931935	508.8100893249848	699.972393561362	512.5156989115682
688	176.8	177542.0	704.2977680005332	518.4921675329082	715.8641500569362	511.2695303177316	710.0809590287347	514.8808489253197
689	176.9	177642.0	711.4609306303795	549.6659773615389	722.871752143583	541.8907026538519	717.1663413869808	545.7783400076954
690	177.0	177742.0	715.0684638413047	527.2296215539568	730.0111283791971	521.3448774423351	722.5397961102504	524.2872494981458
691	177.1	177842.0	656.4235060984815	510.6489302031524	670.453689959562	503.1125732859007	663.4385980290217	506.8807517445263
692	177.2	177942.0	680.774640086191	557.6968598605366	693.7716631214588	549.5474907580631	687.2731516038248	553.6221753092997
693	177.4	178142.0	800.3679916940398	579.5810707293555	814.0185837985322	574.8979753600768	807.1932877462855	577.239523044716
694	177.6	178342.0	841.8113702881831	552.959148284729	856.1401845567456	550.0063177669322	848.9757774224639	551.4827330258303
695	177.7	178442.0	750.9976656706115	532.2281823071041	764.8267138005799	526.8137492571549	757.9121897355958	529.5209657821293
696	177.8	178542.0	749.1397578344117	532.1500093871111	763.7400206090136	526.8532854176419	756.4398892217131	529.5016474023763
697	177.9	178642.0	842.8223223359122	560.8902180168964	857.8980796890158	558.0514176122024	850.3602010124642	559.4708178145492
698	178.0	178742.0	765.5082329835324	578.763837684428	778.4546295429434	572.8343802704079	771.9814312632384	575.799108977418
699	178.1	178842.0	742.2332100223343	600.201969118822	753.2228756995329	592.446357543301	747.7280428609331	596.3241633310614
700	178.2	178942.0	753.1337542660009	597.3923742145284	765.362377027877	590.4027953703729	759.2480656469384	593.8975847924504
701	178.3	179042.0	759.8794557547922	531.3027165324253	775.8847198637357	527.070466672189	767.8820878092635	529.186591602307
702	178.4	179142.0	855.1019651012404	555.6125857965537	871.2456536291743	553.7595309002709	863.1738093652076	554.6860583484123
703	178.5	179242.0	802.5389904831137	571.2245581086731	817.9586152028285	567.2710128866453	810.2488028429706	569.247785497659
704	178.6	179342.0	819.8635270838911	577.1707186892916	835.2606139238923	573.5773759854766	827.5620705038921	575.374047337384
705	178.7	179442.0	805.5007715493338	576.4171983450401	820.4803938583732	572.2874264199022	812.9905827038533	574.3523123824709
706	178.8	179542.0	825.8706606598888	544.1451266157276	842.0356126298851	541.4731821319893	833.9531366448869	542.8091543738582
707	178.9	179642.0	871.9277501565973	549.814808836024	889.2990031038812	548.8621593386752	880.613376630239	549.3384840873495
708	179.0	179742.0	812.0293992496362	570.2270859715683	826.9602420426617	566.2690988637843	819.4948206461487	568.2480924176763
709	179.1	179842.0	946.44000777043	546.9271156632477	966.0521272875552	548.9039822448129	956.2460675289926	547.9155489540303
710	179.2	179942.0	948.7567622916238	528.6925287257397	969.530156646505	531.566075936275	959.1434594690649	530.1293023310071
711	179.3	180041.0	874.6860835659484	543.3177980666591	892.483615286151	542.6656200696955	883.58484942605	542.9917090681771
712	179.4	180142.0	921.4712394980476	533.4002649123116	941.63203463105	535.0960598468647	931.5516370645486	534.2481623795879
713	179.5	180241.0	1003.0988277219404	583.0107439126004	1023.815951078864	586.259523846564	1013.457389400402	584.6351338795821
714	179.6	180341.0	1059.5669690408631	560.7840579388153	1081.1795852300163	566.5548455685978	1070.3732771354394	563.6694517537062
715	179.7	180442.0	976.5437180207944	545.0652452279821	997.8164338588344	548.5980035500667	987.1800759398142	546.8316243890243
716	179.8	180541.0	1067.0444733072832	540.1860890498151	1089.2662460514173	546.9602291296618	1078.1553596793506	543.5731590897384
717	179.9	180642.0	927.6808080085888	512.3682313601894	945.4544778820484	513.9541115039351	936.5676429453188	513.1611714320621
718	180.0	180741.0	1044.6638786770286	501.9685041814956	1069.2920426884664	509.6559442410913	1056.9779606827474	505.8122242112932
719	180.1	180841.0	1035.803841593273	554.8589359618068	1056.4133179612736	559.6452729376978	1046.108579777274	557.2521044497521
720	180.3	181041.0	1016.3879021737404	522.7605105008844	1039.5027132675104	528.5724502476659	1027.9453077206254	525.6664803742749
721	180.4	181141.0	1011.510627598189	551.0105878187264	1031.4018028202197	555.0776127222508	1021.4562152092046	553.0441002704887
722	180.5	181241.0	985.212408543752	601.0447734985112	1003.563110014515	602.6364752943794	994.3877592791332	601.840624396445
723	180.6	181341.0	893.5597278240042	633.8255346731074	908.3644373656967	630.8966328602571	900.9620825948502	632.3610837666821
724	180.7	181441.0	944.1102055777473	602.3007639305612	960.7219852635104	601.9890990574179	952.4160954206292	602.1449314939896
725	180.8	181541.0	953.5082743277982	551.7989304319942	971.0927010985732	553.1010324521454	962.3004877131856	552.4499814420699
726	180.9	181641.0	727.6982597082648	546.3453994145439	737.2007919516037	538.8563118714025	732.4495258299338	542.600855642973
727	181.0	181741.0	639.8729765150292	532.2425979011396	653.4888712108743	523.4510773844883	646.6809238629517	527.8468376428137
728	181.1	181841.0	644.490530099043	506.3605674337834	658.1823712886329	498.2120464310723	651.3364506938374	502.2863069324277
729	181.2	181941.0	689.8154741223943	544.3691360550077	702.5419607174423	536.5521212459776	696.1787174199179	540.4606286504923
730	181.3	182041.0	614.4738630643053	531.491886271871	624.6304332791652	520.876762443738	619.552148171735	526.1843243578043
731	181.4	182141.0	647.3529346845271	514.181326400461	660.3651675310382	505.9130910513144	653.8590511077823	510.0472087258876
732	181.5	182241.0	599.6910633581502	480.49456529855325	612.5463513432735	471.2663593276495	606.1187073507116	475.8804623131013
733	181.6	182341.0	645.1768026573532	519.051420805352	657.195833388019	510.1898952435992	651.1863180226856	514.6206580244755
734	181.7	182441.0	656.3393422347159	536.435212848334	669.0579945263536	527.7451988393595	662.6986683805346	532.0902058438468
735	181.8	182541.0	703.97329868086	564.3013725070626	715.9756227677435	556.4186308556702	709.9744607243019	560.3600016813663
736	181.9	182641.0	706.9782391169866	561.6496310031318	719.0668551303077	553.7929129344849	713.0225471236472	557.721271968808
737	182.0	182741.0	749.1451255833736	578.276598687499	762.3541929510922	571.7465786552398	755.7496592672329	575.0115886713693
738	182.1	182841.0	675.3654590890368	508.6726050780625	690.8238411156781	502.2333800198664	683.0946501023573	505.4529925489641
739	182.2	182941.0	804.7086439839208	570.1826649678566	820.1970674586635	566.222546133084	812.4528557212924	568.2026055504701
740	182.3	183041.0	734.150213505672	563.0147962871339	747.0677717065302	556.098937473774	740.6089926061005	559.556866880454
741	182.4	183141.0	660.5300542755775	493.1204035981322	673.5348177319261	485.4073215463214	667.0324360037517	489.2638625722268
742	182.5	183241.0	687.2188677692127	527.6882455226255	699.2264951507813	519.7739999570645	693.2226814599969	523.7311227398447
743	182.6	183341.0	664.1367728761267	473.0470273835063	677.8543732570295	466.3601158624001	670.9955730665782	469.7035716229532
744	182.7	183441.0	728.639976656741	526.4412010985677	743.3368577059794	520.7330677893023	735.9884171813596	523.5871344439346
745	182.8	183541.0	718.2294268111804	491.2859304103342	734.6661829060308	486.69496623751417	726.4478048586057	488.99044832392406
746	182.9	183641.0	714.3851735512856	524.8282823142076	727.1322371143746	518.2646239141618	720.7587053328297	521.5464531141846
747	183.0	183741.0	732.8691998980928	544.8107341917666	747.7802950084711	538.9998414241411	740.3247474532815	541.9052878079538
748	183.1	183841.0	840.8549894781734	581.418535377286	857.2208584896418	578.3094501133407	849.0379239839083	579.8639927453133
749	183.2	183941.0	816.8744853367297	610.8971663169273	834.1727148914298	606.8758233242997	825.5236001140795	608.8864948206135
750	183.3	184041.0	837.7439164477078	629.1424300347685	854.029084373457	625.0050177563254	845.8865004105822	627.073723895547
751	183.5	184241.0	839.9920708995727	597.5100893294434	858.2052913760493	594.6653396737039	849.0986811378107	596.0877145015734
752	183.6	184341.0	823.0679825545635	576.1941471931902	840.0158585278998	572.9051446853284	831.5419205412312	574.5496459392591
753	183.7	184441.0	866.6742022923404	584.4251574024147	884.4449935560577	582.5570654615778	875.5595979241992	583.4911114319963
754	183.8	184541.0	802.9725971922105	546.0976312227359	820.4505603488786	543.0839991751393	811.7115787705447	544.5908151989374
755	183.9	184641.0	956.1926512953088	625.0859875706011	975.101809664562	625.6496459050816	965.6472304799352	625.3678167378413
756	184.0	184741.0	901.1243033304592	571.0189047454983	921.4136460188804	571.3396386135835	911.2689746746704	571.1792716795408
757	184.1	184841.0	899.4274576244943	524.1407668817517	920.7562979398004	525.863608996234	910.0918777821472	525.0021879389928
758	184.2	184941.0	1001.904308425802	562.9724581365977	1024.1825637607212	567.2500716145337	1013.0434360932616	565.1112648755654
759	184.3	185041.0	966.3127749766604	587.5760256153249	987.1035116670682	589.8546242517735	976.708143321864	588.7153249335491
760	184.5	185241.0	952.2595189054808	590.2678031307531	971.0512013843592	591.2685194610796	961.6553601449192	590.7681612959163
761	184.6	185341.0	1007.3584155785582	591.8215387363258	1027.7569306724426	594.9858469336095	1017.5576731255004	593.4036928349676
762	184.7	185441.0	1044.1077802326984	573.8778461163485	1065.2713861765772	578.7448562858757	1054.6895832046373	576.3113512011118
763	184.8	185541.0	1069.4533489964683	553.475700180493	1094.7078360114945	561.0367484388112	1082.0805925039815	557.256224309652
764	184.9	185641.0	1097.138758834966	571.8759808143847	1122.549415965034	579.9013910160631	1109.8440874000005	575.8886859152238
765	185.0	185741.0	1068.016652150627	553.6591669725732	1093.2434371633362	561.2546235176088	1080.6300446569817	557.4568952450907
766	185.1	185841.0	1080.3471324068428	555.3022956802806	1106.4833648027134	563.6238314997848	1093.4152486047783	559.4630635900326
767	185.2	185941.0	931.8893366181742	587.286016536596	949.6718464108912	587.3488121633588	940.7805915145326	587.3174143499774
768	185.3	186041.0	718.4589665375503	536.7966323788538	734.3277707873444	530.6730318878421	726.3933686624473	533.7348321333478
769	185.4	186141.0	744.733374752084	564.5738603437031	759.7194859251911	558.5007715438977	752.2264303386371	561.5373159438005
770	185.5	186241.0	670.4886715301791	562.003558070447	683.5712067908928	553.2664252716439	677.0299391605357	557.6349916710453
771	185.6	186341.0	660.1934144595242	460.121590616819	675.2168552909426	453.4761366238188	667.7051348752332	456.7988636203188
772	185.7	186441.0	598.6563611212462	481.1811636034912	611.6769745249084	471.8890916274213	605.1666678230768	476.5351276154561
773	185.8	186541.0	736.6135700379104	510.6624767724988	754.1295254990412	506.6519478279147	745.3715477684755	508.6572123002064
774	185.9	186641.0	683.986327656948	513.3147458324223	701.2875140894827	507.3582940882642	692.636920873215	510.3365199603432
775	186.0	186741.0	684.564202266306	554.3643968973729	698.8673622776117	546.798539653821	691.7157822719586	550.5814682755968
776	186.1	186841.0	630.1701808929191	531.963594611918	642.8361669643028	522.6358748124517	636.5031739286105	527.2997347121848
777	186.2	186941.0	651.547796225563	532.3915027768559	665.2250123769898	524.0298210863009	658.3864043012763	528.2106619315783
778	186.3	187041.0	678.4743759116343	558.2380077989835	692.3796017386826	550.241724787423	685.4269888251582	554.2398662932031
779	186.4	187141.0	720.0104364462736	547.4701050616608	735.7715695852271	541.4253560390827	727.8910030157505	544.4477305503716
780	186.5	187241.0	792.152009079545	603.9348870241246	806.9697420849293	598.524872196775	799.5608755822373	601.2298796104498
781	186.6	187341.0	793.3445343823485	575.144206960534	810.3149241761996	571.1449387961434	801.829729279274	573.1445728783386
782	186.7	187441.0	758.8101620127252	606.4477200430329	772.8534541959864	599.724514107016	765.831808104355	603.0861170750244
783	186.8	187541.0	797.3023287807277	610.2373596117704	813.0315760402866	605.132029594469	805.1669524105074	607.68469460312
784	186.9	187641.0	864.9601078414215	576.4171535828118	880.3439490512047	573.9069389015297	872.6520284463128	575.1620462421706
785	187.1	187841.0	905.4290079622812	619.1925106911661	920.8922965304166	616.9818148948916	913.1606522463494	618.0871627930289
786	187.2	187941.0	885.2965489578517	562.3703342263018	901.897409749106	561.1829891943169	893.5969793534787	561.7766617103093
787	187.4	188141.0	804.8887133438578	584.7505333778906	820.0479064935394	580.1000605134587	812.4683099186982	582.4252969456745
788	187.5	188241.0	768.4488940629426	563.3590418127819	784.0539908400777	558.5205231083488	776.2514424515106	560.9397824605653
789	187.6	188341.0	892.624560702283	602.9330976598737	908.2988900408532	600.9872608206447	900.4617253715681	601.9601792402592
790	187.7	188441.0	804.0425876363998	574.9670163091446	818.173877135612	570.2189874978063	811.1082323860057	572.593001903475
791	187.8	188541.0	829.6540466025291	607.3696230399761	844.660511926721	603.0573060829579	837.1572792646253	605.2134645614669
792	187.9	188641.0	950.6734588351834	623.0552156059722	967.9808372881514	623.0232254838344	959.3271480616672	623.0392205449032
793	188.0	188741.0	867.2693779442866	537.6811966322143	888.3030901967929	537.8672733708815	877.7862340705396	537.7742350015477
794	188.1	188841.0	894.3936574828201	620.5613325886701	912.071413476898	618.880539668879	903.232535479858	619.7209361287746
795	188.2	188941.0	947.8702568989024	608.231536886894	967.157637933529	608.8990328662039	957.5139474162152	608.5652848765487
796	188.3	189041.0	914.8019117083204	610.0299911628545	933.9509415719072	609.6813380529009	924.3764266401136	609.8556646078777
797	188.4	189141.0	917.4535746788148	532.5508177070941	936.7283746608604	533.5958743291443	927.090974669838	533.0733460181192
798	188.5	189240.0	958.567728997245	531.1580080299118	977.7573932319816	533.6650148524045	968.1625611146126	532.411511441158
799	188.6	189341.0	935.8624568426426	558.0503154644025	953.6821834794404	558.8593100659763	944.772320161041	558.4548127651892
800	188.7	189441.0	916.2271402755003	558.4589853069139	933.1850034997976	558.2256586252767	924.7060718876488	558.342321966095
801	188.8	189540.0	851.7436048495961	586.7825389139358	867.6889897006376	583.8235009371849	859.7162972751169	585.3030199255602
802	188.9	189640.0	831.145798607224	590.6160752554306	845.490246715459	586.5004817304122	838.3180226613421	588.5582784929212
803	189.0	189740.0	878.1722715207823	579.8985910662311	895.4849273343035	578.4280570736772	886.8285994275429	579.1633240699542
804	189.1	189840.0	848.8636994548738	577.2070527700798	869.0330539441878	575.9029190670773	858.9483766995307	576.5549859185785
805	189.2	189941.0	915.4334042870448	622.844821381932	934.767168238694	622.1481826893485	925.1002862628692	622.4965020356403
806	189.3	190040.0	999.5892180606078	585.0467568640303	1022.8712908849	588.8553462640621	1011.2302544727536	586.9510515640462
807	189.4	190140.0	1038.3222310522128	579.2080182354565	1059.0508861688695	583.5675662980233	1048.6865586105412	581.3877922667399
808	189.5	190240.0	1053.1225558948445	577.4572318313492	1074.179794868386	582.5822772730837	1063.6511753816146	580.0197545522163
809	189.6	190340.0	920.03436228469	597.46312613125	937.3220619071236	596.9641000409757	928.6782120959064	597.2136130861128
810	189.7	190440.0	1014.1118626049152	597.8456414650441	1034.591608650314	601.1391852194023	1024.3517356276143	599.4924133422231
811	189.8	190540.0	959.1202319332898	574.6014074039196	979.7439251691864	576.7107689911878	969.432078551238	575.6560881975537
812	190.0	190740.0	1032.0041250659938	589.3656589938511	1054.5649374322547	593.9220518216275	1043.284531249124	591.6438554077391
813	190.1	190840.0	1105.7416093263814	573.965138193974	1131.4204723816474	582.057662139262	1118.5810408540142	578.0114001666179
814	190.3	191040.0	980.9799877040618	459.3404237045197	1004.2354589361192	465.3184733045948	992.6077233200904	462.3294485045572
815	190.4	191140.0	996.158809635361	451.1010652988352	1020.5393782114666	458.3942023915751	1008.3490939234134	454.7476338452049
816	190.5	191240.0	693.5016924441585	593.6804630792559	703.7984665062709	584.1831851098334	698.6500794752143	588.9318240945446
817	190.6	191340.0	594.3582937710194	545.1025381109685	603.1773121149205	533.2691347302687	598.7678029429694	539.1858364206183
818	190.7	191440.0	579.4128798161428	541.0435449855918	589.6064405112025	528.9433030809809	584.5096601636727	534.9934240332863
819	190.8	191540.0	621.9484042358814	490.0186952786158	635.8069058879873	481.1580519965852	628.8776550619339	485.5883736376004
820	190.9	191640.0	534.2770349901574	551.4409009618367	543.4688055643751	537.6240176598473	538.8729202772658	544.5324593108419
821	191.0	191740.0	580.8602787280944	529.2108769171039	591.9306255338598	517.8194770925729	586.3954521309768	523.5151770048383
822	191.1	191840.0	632.2367323563756	547.9515892355001	643.837233647253	537.6438622173763	638.0369830018141	542.7977257264381
823	191.2	191940.0	664.2657338489539	576.105092471133	675.1453365429252	566.1191745949093	669.7055351959393	571.1121335330212
824	191.3	192040.0	758.3066573203928	582.994127707664	772.5703533663052	576.7483793272941	765.438505343349	579.8712535174786
825	191.4	192140.0	747.4782286295995	593.4676511726467	762.710306268851	587.2306038853213	755.094267449225	590.3491275289839
826	191.5	192240.0	780.0983868746835	635.7245910245615	794.0147050933468	628.9859253178735	787.0565459840152	632.3552581712175
827	191.6	192340.0	801.7001963528826	554.5331649952652	819.8616642634199	551.42305088933	810.780930308151	552.9781079422975
828	191.7	192440.0	682.2000219699149	545.3725000649786	696.4346727223405	537.39775793535	689.3173473461275	541.385129000164
829	191.9	192640.0	695.8886144912526	578.8080784015465	706.5161878601598	569.6024439020996	701.2024011757062	574.2052611518228
830	192.0	192740.0	768.8238336893211	608.7866498642903	782.819742235371	602.3422539153017	775.8217879623459	605.564451889796
831	192.1	192840.0	736.2234700185495	578.4060863390853	750.2534920635263	571.4792439607953	743.2384810410377	574.9426651499402
832	192.2	192940.0	838.6456233075695	617.6760834457544	852.1655258278878	613.0502655324	845.4055745677283	615.3631744890772
833	192.5	193240.0	935.4559773195984	586.6016417804069	954.1137188917296	587.3010644695283	944.7848481056636	586.9513531249677
834	192.7	193440.0	902.5954430334888	557.6077083347552	920.8709825768506	557.5722408821763	911.7332128051696	557.5899746084656
835	192.9	193640.0	903.2343491682628	562.8580406134296	920.7350390143245	562.5159430057954	911.9846940912932	562.6869918096123
836	193.0	193740.0	865.4774709197023	551.0583732702719	880.5916972878265	549.2040780575259	873.034584103764	550.1312256638989
837	193.1	193840.0	905.86169702939	543.0109156120969	924.3899202528077	543.3434357661598	915.1258086410988	543.177175689128
838	193.2	193940.0	924.0152871334616	535.493143968911	944.9230175925348	537.1315442908242	934.469152362998	536.3123441298674
839	193.3	194040.0	885.9292763685073	543.5619060166466	906.1319781598586	543.8509195948699	896.0306272641828	543.7064128057581
840	193.4	194140.0	948.02646071742	571.4502085016799	969.2270240113884	573.3412768397246	958.626742364404	572.3957426707024
841	193.5	194240.0	1012.2604658842918	604.8254720675355	1031.3687254563793	607.4027906765975	1021.8145956703352	606.1141313720665
842	193.6	194340.0	937.438519605828	552.303038095458	956.1745447250752	553.5538702513437	946.8065321654518	552.9284541734008
843	193.7	194440.0	1040.248310318014	548.2126211140461	1062.2123767622136	553.7833433253697	1051.2303435401138	550.9979822197076
844	193.8	194540.0	1047.65285659736	550.4901340988736	1068.9673580897231	556.1641834989185	1058.3101073435414	553.3271587988961
845	193.9	194640.0	1050.6289929281186	599.92942770946	1069.3327023783395	603.7524540131969	1059.9808476532285	601.8409408613285
846	194.0	194740.0	994.4554585251332	568.7521241508268	1012.368856967332	571.3152603524812	1003.4121577462324	570.033692251654
847	194.1	194840.0	1072.291912105256	587.1170720880774	1092.8895046098662	592.3896126126324	1082.590708357561	589.7533423503548
848	194.2	194940.0	1081.549194170453	559.7066626604949	1102.8218160427068	566.0644784480173	1092.1855051065795	562.885570554256
849	194.3	195040.0	953.2382203146768	488.2922770196877	973.5300974410832	491.8107818298759	963.3841588778804	490.0515294247818
850	194.4	195140.0	981.4063540167034	500.4526443500319	1003.578562614356	505.4531330239583	992.49245831553	502.952888686995
851	194.5	195240.0	995.17933475545	527.8113790485914	1015.0912248179958	531.6659493041157	1005.1352797867232	529.7386641763533
852	194.6	195340.0	1034.032539885694	529.0240547214199	1055.085902916085	534.4258815481824	1044.559221400889	531.724968134801
853	194.7	195440.0	1003.45695753952	474.2292020900446	1025.6321237655786	480.2634062759639	1014.5445406525492	477.24630418300416
854	194.8	195540.0	1032.064565278348	441.3793433525911	1056.087019874416	449.74414388669226	1044.075792576383	445.5617436196415
855	194.9	195640.0	993.7615401232008	446.7561116280609	1016.422368373146	453.4589147215767	1005.0919542481736	450.1075131748185
856	195.0	195740.0	1060.9508311648087	451.5250434086377	1086.4232746853538	461.3415859506326	1073.6870529250812	456.4333146796349
857	195.1	195840.0	1066.82300700597	462.7059520139728	1089.6278342976736	471.52889430019405	1078.225420651822	467.1174231570834
858	195.2	195940.0	732.7983428158491	463.1935872294532	747.3763553889006	458.7706446161065	740.0873491023747	460.98211592277977
859	195.4	196140.0	665.7158968298394	535.692156814374	675.0179659859288	526.2871103579363	670.3669314078838	530.9896335861549
860	195.5	196240.0	713.5312005902898	528.3314433024848	722.9424050644483	520.2595494563628	718.2368028273689	524.2954963794235
861	195.6	196340.0	700.345765151147	489.9424269057282	710.7327224475964	482.6883801881492	705.539243799372	486.3154035469387
862	195.7	196440.0	718.5998108517226	455.8113598519596	734.7307103085279	451.6550026405295	726.6652605801253	453.73318124624456
863	195.8	196540.0	844.6610252637429	488.764769552281	858.002686807939	486.61587548183496	851.3318560358409	487.6903225170579
864	195.9	196640.0	785.7427757396566	456.2693640672275	802.6155376238996	454.25239731438415	794.1791566817783	455.2608806908058
865	196.0	196740.0	831.6184864999485	473.6430945805525	849.7547580883589	472.980207163517	840.6866222941538	473.3116508720348
866	196.1	196840.0	847.8032901544041	442.9378386006246	866.3760296412958	443.6981451639848	857.08965989785	443.3179918823046
867	196.2	196940.0	938.9418450966616	525.7309453467846	956.2664765301148	527.2338833223164	947.6041608133884	526.4824143345503
868	196.3	197040.0	798.4455336234677	464.68535518857016	816.6523552643355	463.3507101158701	807.5489444439015	464.0180326522204
869	196.4	197140.0	842.0761933370433	476.8604524290853	860.3179920979994	476.5385905415258	851.1970927175206	476.6995214853056
870	196.5	197240.0	765.6430747942534	535.4495270871504	779.039069492157	530.0487919753581	772.3410721432048	532.7491595312541
871	196.6	197340.0	881.0106750804177	495.7129985506293	900.2241509903301	496.40092278646426	890.6174130353737	496.05696066854665
872	196.7	197440.0	774.4072517595326	498.3285726768041	785.1554954066504	493.72517100101584	779.7813735830915	496.0268718389099
873	196.8	197540.0	1063.6940792251987	477.5852642959669	1085.6712252909565	485.7694918642553	1074.6826522580775	481.677378080111
874	196.9	197640.0	1002.8242970362752	511.7521816738701	1019.4491599086704	515.5797779892575	1011.1367284724726	513.6659798315637
875	197.0	197740.0	1045.2951524668138	496.2396745012328	1065.4055932655965	502.9664406278579	1055.350372866205	499.6030575645451
876	197.1	197840.0	1046.2992993180064	482.9978874484217	1065.515784089127	489.5347266457127	1055.9075417035665	486.266307047067
877	197.2	197940.0	1037.3022536682076	524.0935580562564	1054.3097400085228	528.9311483074184	1045.8059968383654	526.5123531818373
878	197.3	198040.0	1035.5739491674651	516.6471235652818	1052.4695995796849	521.5979083997095	1044.0217743735752	519.1225159824954
879	197.4	198140.0	898.8808412370879	528.1361988220617	912.7159649241456	528.007496677016	905.798403080616	528.0718477495387
880	197.5	198240.0	834.9277001427919	529.1462899987158	845.906014258663	526.2433416243188	840.4168572007272	527.6948158115172
881	197.6	198340.0	963.9768387566156	521.0744308172677	979.355983823199	523.1434946373306	971.6664112899076	522.1089627272991
882	197.7	198440.0	678.4184786897001	533.951751548346	684.0421347043484	524.5825772319871	681.230306697024	529.2671643901666
883	197.8	198539.0	669.709175834528	535.0966971437541	675.3633519314087	525.4849869360277	672.536263882968	530.290842039891
884	197.9	198640.0	923.935250584468	492.183530726924	940.8272905841496	494.1927581687213	932.3812705843084	493.1881444478225
885	198.0	198740.0	965.8230418531592	525.0653039583548	984.1213284670056	527.8480717099136	974.9721851600818	526.4566878341338
886	198.1	198839.0	855.4886535281789	531.738989930273	870.3665879214736	529.6179207072123	862.9276207248265	530.6784553187426
887	198.2	198939.0	955.1995184460952	553.8024059834989	973.9788419348037	555.7750040862338	964.5891801904496	554.7887050348661
888	198.3	199039.0	958.8095778151676	544.4062742394059	977.555993127458	546.5574803372732	968.1827854713124	545.4818772883393
889	198.4	199140.0	862.6455050294804	499.2657157501377	877.928471557017	498.029347272102	870.2869882932483	498.6475315111197
890	198.5	199239.0	833.3390141334355	472.6618140636415	852.5236213674012	472.3804033278436	842.9313177504182	472.5211086957424
891	198.6	199339.0	920.3417649431212	451.9103966739793	939.9580040290588	455.08893834104833	930.1498844860898	453.49966750751366
892	198.7	199439.0	1074.7462754653338	521.8371179442317	1097.5845558857663	529.4073957411811	1086.16541567555	525.6222568427063
893	198.8	199539.0	1023.5613285118428	481.5857759542065	1048.0144682654916	488.9538858274233	1035.7878983886671	485.2698308908148
894	198.9	199639.0	1006.814769426568	439.3922620341653	1030.9660535409844	447.1472581134365	1018.8904114837766	443.26976007380085
895	199.0	199739.0	1045.7699143173618	494.694094263204	1069.348481371674	502.1480605850427	1057.5591978445177	498.42107742412327
896	199.1	199839.0	1047.6299877313168	514.2225512498948	1070.3105277431612	521.1305524594925	1058.9702577372393	517.6765518546932
897	199.2	199939.0	1031.5512178009649	477.44667558228366	1053.3971713678386	484.4931778473482	1042.4741945844023	480.9699267148159
898	199.3	200039.0	1038.9726187543758	467.5925230120692	1058.31395793411	474.3732342641269	1048.6432883442426	470.982878638098
899	199.4	200139.0	1014.2803700515926	475.0353945990861	1032.7794948025653	480.5345018939745	1023.5299324270788	477.7849482465302
900	199.5	200239.0	812.7448190735283	468.3472939748452	831.0140605524717	467.2943627536457	821.8794398130002	467.8208283642454
901	199.6	200339.0	806.9753769333627	452.771347570766	825.4007460424393	451.89478314514383	816.1880614879011	452.3330653579548
902	199.7	200439.0	828.0599126746981	476.8837387758382	845.8973020176314	475.93595050740834	836.978607346165	476.40984464162335
903	199.8	200539.0	728.905325613116	525.8589726242828	742.9075752641485	519.7051103229552	735.9064504386322	522.7820414736188
904	199.9	200639.0	823.1602762083057	495.7725091816712	840.9715040449581	494.129472512937	832.0658901266318	494.9509908473039
905	200.0	200739.0	810.694636143987	495.157868084087	826.7650295855065	492.6785561718961	818.7298328647469	493.9182121279915
906	200.1	200839.0	856.0651436471363	549.8164180180942	871.5061874883445	547.7177786578447	863.7856655677401	548.7670983379692
907	200.2	200939.0	758.9129258408964	535.1396189386013	770.0042035255734	528.5960736938982	764.4585646832344	531.8678463162496
908	200.3	201039.0	868.4855274076752	562.4845895035265	880.456587776333	559.1732068693759	874.4710575920041	560.8288981864508
909	200.4	201139.0	943.5898042451188	582.5035757706224	959.1692628085226	582.4988419311823	951.3795335268206	582.501208850902
910	200.5	201239.0	688.2104568007059	463.7836403757736	701.1682456579526	457.671203974598	694.6893512293288	460.7274221751857
911	200.6	201339.0	675.7958857032688	422.11554958767687	689.0953601661528	416.58554306510354	682.4456229347107	419.3505463263903
912	200.7	201439.0	681.426680894345	439.9088799930539	693.3797157730812	433.9125444082157	687.4031983337128	436.9107122006348
913	200.8	201539.0	837.9301182019246	487.2330657810634	853.8692750375282	486.4871776995904	845.8996966197266	486.8601217403268
914	200.9	201639.0	704.5071751098055	482.1479233858655	714.8621693318883	475.28715130821365	709.684672220847	478.7175373470397
915	201.0	201739.0	716.9495156212433	521.9193652397776	730.2835800992999	515.4482321006951	723.6165478602711	518.683798670236
916	201.1	201839.0	857.9309597745769	493.2458444778874	875.6724737046425	492.7050113653849	866.8017167396094	492.9754279216361
917	201.2	201939.0	826.330214746685	493.5385922099077	845.9190148412827	492.7590168424015	836.1246147939839	493.14880452615455
918	201.3	202039.0	848.328538063923	473.1650813257496	869.4541594441856	474.032636433563	858.8913487540539	473.5988588796562
919	201.4	202139.0	912.420442765302	593.4824477684361	928.390090997096	592.098530305162	920.4052668811992	592.7904890367992
920	201.5	202239.0	761.1485937423577	527.8961212298295	776.6892840971594	523.2856120336628	768.9189389197584	525.5908666317459
921	201.6	202339.0	785.467125561305	493.8749776371999	799.7048283034914	490.2473204152466	792.5859769323982	492.0611490262231
922	201.7	202439.0	924.0567489665148	589.0214370131121	940.703628372902	588.3980449088544	932.380188669708	588.7097409609831
923	201.8	202539.0	865.8104511134213	569.7210976683432	882.4822844837141	567.7516908515789	874.1463677985676	568.7363942599609
924	201.9	202639.0	898.9810391770507	562.1360735763544	916.7525304636451	561.4408540531705	907.8667848203476	561.7884638147623
925	202.0	202739.0	812.1247347082306	510.04098801623167	828.6760590337591	507.38718243169535	820.4003968709944	508.71408522396337
926	202.1	202839.0	866.5768278429289	570.8701560613242	883.0371620517353	568.9419948768368	874.8069949473315	569.9060754690804
927	202.2	202939.0	917.0035305152758	532.6907796921765	937.2526770619276	533.9131515167298	927.1281037886016	533.301965604453
928	202.3	203039.0	761.3036552830569	560.3622043430963	774.9982037278883	554.6078720317439	768.1509295054725	557.4850381874198
929	202.4	203139.0	717.5224394176823	574.948251833949	729.514791570739	567.0200566969584	723.5186154942104	570.9841542654534
930	202.5	203239.0	883.0770697464037	533.5152765605062	901.6392831500456	533.4063669257355	892.3581764482245	533.4608217431207
931	202.6	203339.0	935.6261081242408	479.6626814316351	958.4477102102676	483.4911203628643	947.036909167254	481.5769008972496
932	202.7	203439.0	898.9646902347539	481.1745827897631	921.3167528510432	483.8021490124581	910.1407215428984	482.4883659011105
933	202.8	203539.0	804.8249098880692	497.6311599186523	825.0916615720313	496.4219487588144	814.9582857300504	497.0265543387331
934	202.9	203639.0	863.3215859009084	544.1797528915312	880.8932973363575	543.1885335624023	872.1074416186326	543.6841432269665
935	203.0	203739.0	841.932166043885	450.4514174243996	862.6680017660135	451.5186498116805	852.3000839049495	450.98503361804
936	203.1	203839.0	1093.7242764590685	592.9326738667073	1118.7132730266476	600.087471835663	1106.2187747428582	596.510072851185
937	203.2	203939.0	994.3292706368647	571.941792467845	1016.5135813749382	575.4808635671575	1005.4214260059013	573.7113280175012
938	203.3	204039.0	941.8323010212976	536.2395650867031	961.9851918038638	538.3179201922445	951.9087464125809	537.2787426394735
939	203.4	204139.0	972.9506353039149	565.1031795882129	990.7552397903332	566.7811715272971	981.8529375471244	565.9421755577548
940	203.5	204239.0	942.6475357676662	446.0871483463857	966.9920623351916	451.4672120993317	954.8197990514294	448.7771802228585
941	203.6	204339.0	960.4011890966632	537.7598313100499	982.2748364938692	541.0130096083377	971.3380127952664	539.3864204591937
942	203.7	204439.0	1138.7087697350885	612.8340621608743	1162.2134107085735	620.3021347041208	1150.4610902218317	616.5680984324975
943	203.8	204539.0	1109.111112135703	539.4931021189902	1134.5400705555403	548.3760723630462	1121.8255913456214	543.934587241018
944	203.9	204639.0	967.842363300208	471.7531968783078	992.1109600300184	477.4614664183445	979.9766616651132	474.60733164832624
945	204.1	204839.0	1038.208135688414	565.5843178495905	1057.6380399015843	569.8091768211557	1047.9230877949997	567.696747335373
946	204.2	204939.0	972.9599345755304	529.7173393680926	994.172367405719	533.4595298876646	983.566150990624	531.5884346278784
947	204.3	205039.0	915.4843193798844	517.2710390261243	937.7324826987682	519.8090046424263	926.6084010393264	518.540021834275
948	204.4	205139.0	963.6878992428832	580.447330888784	983.2941902761974	582.4877956087685	973.4910447595408	581.4675632487762
949	204.5	205239.0	948.02153119577	591.136314017876	969.7002301450724	592.9350671198802	958.8608806704216	592.0356905688778
950	204.6	205339.0	965.9891550418592	591.3177052112444	987.9274159606418	593.7080414842251	976.9582855012492	592.5128733477347
951	204.7	205439.0	972.8868482679126	586.7501012319698	994.9902159638287	589.2902577230352	983.9385321158708	588.0201794775026
952	204.9	205639.0	1018.990849669416	629.5764129824645	1038.4427474389474	631.7260405456102	1028.7167985541817	630.6512267640372
953	205.0	205739.0	752.7674840136148	622.0482283581364	765.5061659753457	614.5073346276903	759.1368249944803	618.2777814929133
954	205.1	205839.0	760.7561346566382	573.9429243127707	775.5068073260726	567.8320091143131	768.1314709913546	570.8874667135418
955	205.2	205939.0	687.9151674883319	573.3552394551367	698.7093845249753	563.9276629263263	693.3122760066537	568.6414511907316
956	205.4	206139.0	634.6834187295084	552.0737738095712	644.2520347818664	541.1054325478616	639.4677267556872	546.5896031787163
957	205.5	206239.0	676.2345973937514	561.3877644653115	687.6125709057023	552.1139162938213	681.9235841497267	556.7508403795662
958	205.6	206339.0	729.1167190547698	579.7407377617584	741.8651556903963	571.8600664241015	735.4909373725832	575.8004020929299
959	205.7	206439.0	589.9480220314191	537.5342825227664	597.8282482440313	525.446039246594	593.8881351377249	531.49016088468
960	205.8	206539.0	654.0624552487471	496.4530295953464	666.4552182208666	488.5817850388513	660.2588367348064	492.5174073170986
961	205.9	206639.0	815.4373960506523	575.4222078887565	827.6256690813681	570.3653435769951	821.5315325660102	572.8937757328756
962	206.0	206739.0	784.6461800159041	581.1627278423507	798.3583859354048	575.8669771930539	791.5022829756547	578.5148525177021
963	206.1	206839.0	739.29317302503	549.9268374552413	752.7475912777963	543.874459281864	746.020382151413	546.9006483685525
964	206.2	206939.0	774.9960639217138	558.7198397836727	788.9719279202758	553.6856833543029	781.9839959209944	556.2027615689877
965	206.3	207039.0	812.1282880427249	572.0658688899146	828.7394237884241	568.6197635576531	820.4338559155746	570.3428162237836
966	206.4	207139.0	822.4409521410703	582.0651225014827	838.2763283937694	578.4074352353498	830.3586402674196	580.2362788684162
967	206.5	207239.0	785.5250828964998	519.7543999968125	806.0239294009695	517.6937784153386	795.7745061487348	518.7240892060752
968	206.6	207339.0	793.5396588884831	521.2963446436434	809.5665134318201	517.9400022432216	801.5530861601517	519.618173443432
969	206.7	207439.0	840.496534935682	541.4654111833087	858.5040121481298	539.892222116704	849.5002735419059	540.6788166500062
970	206.8	207539.0	900.5971968649193	562.1507997580036	916.3845058365596	561.1799094410912	908.4908513507391	561.6653545995472
971	206.9	207639.0	802.3754811793033	478.8933809915603	821.513732624522	477.8057163677768	811.9446069019124	478.3495486796684
972	207.0	207739.0	829.762782674052	514.0967547918139	847.4577380383415	512.2818786235775	838.6102603561969	513.1893167076955
973	207.1	207839.0	724.0328229748594	540.4280910883964	736.9559548895651	533.6421770008579	730.4943889322125	537.035134044627
974	207.2	207938.0	716.4749891252736	516.2250427298952	730.8294498743197	510.1441599744204	723.6522194997967	513.1846013521576
975	207.3	208039.0	821.4577727412741	541.2143165978952	837.8302336795297	538.4062983740295	829.6440032104017	539.8103074859623
976	207.4	208138.0	897.1162103802145	481.08435013078014	913.4463086184888	481.6076000783234	905.2812594993516	481.3459751045517
977	207.5	208238.0	802.8891073094892	508.3115084827987	820.5155446489891	505.8066763133206	811.7023259792394	507.0590923980596
978	207.6	208338.0	815.7835785480024	538.5288756774416	829.3337516822635	534.5116136106828	822.5586651151327	536.520244644062
979	207.7	208438.0	847.4281438944532	498.9449001442092	869.7439876704699	499.7011457553786	858.5860657824611	499.32302294979377
980	207.8	208538.0	757.0283192782612	559.0609203522738	770.8422142826269	552.9202646493385	763.9352667804442	555.990592500806
981	207.9	208638.0	1018.3903201414536	601.3575008892916	1037.5123232814108	603.9115580301288	1027.9513217114325	602.6345294597102
982	208.7	209438.0	918.2070338246346	535.9162526775141	939.5742061376554	538.5169686947434	928.8906199811448	537.2166106861289
983	208.8	209538.0	773.3043836501581	485.1588715376007	787.2050027512695	482.2272822703229	780.254693200714	483.69307690396187
984	208.9	209638.0	717.379298406571	455.410283926087	725.069266895129	449.44956661932656	721.2242826508497	452.4299252727066
985	209.0	209738.0	1049.4267131541826	418.37876945375433	1064.569761565003	425.7023596690004	1056.9982373595928	422.0405645613774
986	209.1	209838.0	946.9728779441832	381.4476104910993	962.5020603911404	385.9182960026231	954.7374691676616	383.6829532468616
987	209.2	209938.0	826.6327773982739	416.6670547793936	839.8946541046311	416.27721891876695	833.2637157514523	416.4721368490801
988	209.4	210138.0	966.9836519568188	439.0401066493076	982.6159148220398	443.28731158969407	974.7997833894289	441.1637091195009
989	209.5	210238.0	858.8263239718611	419.3313417989541	875.4874415045637	420.5467933296708	867.1568827382122	419.93906756431255
990	209.6	210338.0	821.4521895201486	427.9087656270133	838.1210543278858	427.68700955175785	829.7866219240174	427.79788758938577
991	209.7	210438.0	921.0499556105184	381.5642518326168	941.6096889778612	386.8675268124209	931.32982229419	384.2158893225191
992	209.8	210538.0	947.923591265863	423.8179130420806	964.610581796272	427.5249385559048	956.267086531067	425.6714257989927
993	209.9	210638.0	996.9467152843292	445.21800532827336	1014.5623558758156	450.54431023956965	1005.754535580073	447.8811577839213
994	210.0	210738.0	1042.8617498707454	468.26644765127537	1066.6056408665856	476.255347878124	1054.7336953686658	472.2608977646996
995	210.1	210838.0	1096.0358649626726	487.3803762694305	1120.8797816015413	497.25232770706646	1108.4578232821068	492.3163519882484
996	210.2	210938.0	1034.4888937742924	464.0501672225961	1059.1655871522914	472.3845435199677	1046.8272404632917	468.2173553712816
997	210.3	211038.0	698.8588431858977	477.4599331082495	714.4843555163995	472.2194864215812	706.6715993511486	474.8397097649152
998	210.4	211138.0	860.9850575593545	472.7564010085201	882.1132666516069	474.1673252439071	871.5491621054803	473.4618631262133
999	210.5	211238.0	816.9485768152358	545.3343086849422	832.2807624838384	542.2551797398515	824.6146696495373	543.794744212397
1000	210.6	211338.0	857.0118143919847	544.6286787385102	874.9139700007893	543.6502776507816	865.9628921963872	544.1394781946459
1001	210.9	211638.0	904.3174853158898	536.2256627715935	919.1185025825304	535.6406361220978	911.7179939492096	535.9331494468455
1002	211.0	211738.0	889.4116549734719	525.7319285026257	905.1910048883868	525.2493712618411	897.3013299309292	525.4906498822332
1003	211.1	211838.0	895.4030489525484	508.8336634580111	911.4970134634189	509.0116549161662	903.4500312079836	508.9226591870884
1004	211.2	211938.0	942.8083923847946	563.641784314794	959.9804280331648	564.3865925266015	951.3944102089796	564.0141884206976
1005	211.3	212038.0	786.4541046884514	474.1030956197571	805.3781712806746	472.3413882867232	795.9161379845624	473.22224195324
1006	211.4	212138.0	808.1157422059862	531.7289644143541	824.7836533544959	528.5708905834003	816.4496977802405	530.1499274988771
1007	211.5	212238.0	813.3408597898722	520.8884449991498	828.9844718537086	517.7272488456507	821.1626658217901	519.3078469224002
1008	211.6	212338.0	909.3319769427502	516.5001572503434	927.4871830130058	517.230418204875	918.409579977878	516.8652877276089
1009	211.7	212438.0	946.9542030742226	482.0297746305039	968.9518675338312	485.99219862307183	957.9530353040268	484.0109866267878
1010	211.8	212538.0	941.9331290325435	487.76188451390607	962.2132796543684	490.94372984507606	952.073204343456	489.35280717949087
1011	211.9	212638.0	951.9891414132765	492.02420038998736	971.7348434069488	495.1399261678353	961.8619924101134	493.5820632789113
1012	212.0	212738.0	883.0503792555593	597.1745862378762	898.6478618756809	594.658262112072	890.8491205656204	595.9164241749738
1013	212.1	212838.0	919.40681987809	564.92319309506	935.2114786460018	564.0707203950492	927.3091492620456	564.4969567450545
1014	212.2	212938.0	738.375957742353	517.1524880628706	752.6280415574015	511.720496004535	745.501999649877	514.4364920337026
1015	212.3	213038.0	863.157107204175	491.7412859151048	883.4386292439526	492.35685062662697	873.2978682240639	492.0490682708656
1016	212.4	213138.0	780.9718091612158	507.4877386972847	798.668583442473	504.3881580310165	789.820196301844	505.9379483641504
1017	212.5	213238.0	896.4084511990987	484.8628239330132	917.2958399178664	486.69089435052456	906.852145558483	485.7768591417688
1018	212.6	213338.0	869.8218722148762	460.2559867612685	890.5391030122353	461.700720878657	880.1804876135561	460.97835381996265
1019	212.7	213438.0	814.9832348387412	459.2150815262471	835.9025761232098	459.1615878056842	825.4429054809755	459.1883346659656
1020	212.8	213538.0	825.0390298087466	495.1678746731915	845.0726782352381	494.2251241812981	835.055854021992	494.6964994272449
1021	212.9	213638.0	862.8567412136135	444.8833947837182	885.38972518229	447.3217526682023	874.1232331979513	446.1025737259601
1022	213.0	213738.0	1063.602141419993	532.3827625315048	1086.8683400202951	539.192341808387	1075.235240720144	535.787552169946
1023	213.1	213838.0	979.654659336516	533.9515066272058	1002.3309304865656	538.0212183607256	990.992794911541	535.9863624939655
1024	213.2	213938.0	968.7638264596404	522.4920608002432	991.2413038242968	526.5533554166137	980.0025651419688	524.5227081084282
1025	213.3	214038.0	984.1971991623154	525.1077997860097	1006.8722788448354	529.5409128849313	995.5347390035752	527.3243563354704
1026	213.4	214138.0	1007.270087106126	496.1920112517905	1029.8979265211208	501.9520590986487	1018.5840068136232	499.07203517521936
1027	213.5	214238.0	976.9848725303854	482.183261933223	999.8421215912816	487.3487748061727	988.4134970608336	484.7660183696978
1028	213.6	214338.0	1027.0136516760836	517.3433362575435	1048.9754296505398	522.9986171929196	1037.9945406633112	520.1709767252313
1029	213.7	214438.0	918.7752930468988	472.9853071099511	941.385335864114	476.8964454589824	930.080314455506	474.9408762844665
1030	213.8	214538.0	967.3843769511876	532.3482590358012	987.1417176742632	535.0957927317941	977.2630473127252	533.7220258837976
1031	214.0	214738.0	927.848641755731	543.7692461687201	943.3177404865314	543.4718879600747	935.5831911211312	543.6205670643974
1032	214.1	214838.0	1096.1871867592174	565.9748290493524	1117.48528032159	572.3610406823012	1106.8362335404036	569.1679348658269
1033	214.2	214938.0	886.4778041283814	438.6466799501076	907.187423870006	441.0375221366162	896.8326139991935	439.8421010433617
1034	214.3	215038.0	960.46706418123	490.4722385995952	983.1535110131888	494.75973562615343	971.8102875972096	492.6159871128744
1035	214.4	215138.0	880.9812560658844	549.8935978681103	899.5300011032239	549.3955405581448	890.2556285845545	549.6445692131276
1036	214.5	215238.0	919.7415595165476	595.577173997452	937.2206156950456	594.8332818637193	928.4810876057968	595.2052279305854
1037	214.6	215338.0	938.97619895866	602.2473247473592	956.445619926938	601.9146930853293	947.7109094427984	602.0810089163442
1038	214.7	215438.0	978.2582002579768	582.4664648779811	998.8936361554482	584.7690907969892	988.5759182067128	583.6177778374849
1039	214.8	215538.0	932.952879837699	555.344593467204	954.610190688532	557.0271099309758	943.7815352631158	556.1858516990899
1040	214.9	215638.0	952.5237542532328	593.5590048579328	973.251325244504	594.7290870770776	962.8875397488684	594.144045967505
1041	215.0	215738.0	901.6608935199904	550.4262696214349	917.978682376232	549.2943410843643	909.8197879481116	549.8603053528996
1042	215.1	215838.0	1035.0425043226494	553.325015110451	1057.5287000101846	558.431739755879	1046.2856021664163	555.8783774331648
1043	215.2	215938.0	1020.3503737922396	542.0350847671441	1044.4910498409702	547.6039711639061	1032.4207118166048	544.819527965525
1044	215.3	216038.0	1005.540258229498	589.4496124306531	1023.1325192946758	591.4731588000838	1014.3363887620872	590.4613856153683
1045	215.4	216138.0	1063.2990954334591	509.8947702203637	1090.8830938142628	519.1000411184905	1077.091094623861	514.4974056694269
1046	215.5	216238.0	1112.1038189969436	617.81337347385	1134.7956130241969	624.339705159894	1123.4497160105705	621.076539316872
1047	261.8	262540.0	863.7350935529913	546.4175876238874	889.4051127907129	547.7172011443392	876.5701031718521	547.0673943841132
1048	261.9	262640.0	853.5168883347421	556.1959902906543	878.2321821697057	556.7763387800555	865.8745352522243	556.4861645353548
1049	262.0	262740.0	884.6004188832848	520.3173951674255	908.8640420266952	522.3358527298311	896.73223045499	521.3266239486281
1050	262.1	262840.0	861.0706986357883	521.1183404225536	884.6736395160291	522.154402379434	872.8721690759086	521.6363714009933
1051	262.3	263040.0	909.4631077764654	563.5242649360184	931.7371857194228	564.6832413219037	920.6001467479448	564.1037531289608
1052	262.5	263240.0	778.683289247002	548.1719583553466	797.9320696333409	544.6958255438246	788.3076794401715	546.4338919495855
1053	262.6	263340.0	839.9956331148313	544.0026944272196	860.6705751990762	542.8370136019179	850.3331041569538	543.4198540145685
1054	262.7	263440.0	821.6274899598261	511.56477804517584	842.1937180544878	510.6661098595911	831.9106040071568	511.1154439523834
1055	262.8	263540.0	860.6574928379273	510.6799093275792	881.2846023180216	511.0540192921541	870.9710475779746	510.86696430986655
1056	262.9	263640.0	875.4556001011589	497.6619916607656	899.0523170268409	499.5702854224755	887.2539585640002	498.6161385416205
1057	263.0	263740.0	854.4826776259273	515.5158277791197	880.4390569541974	517.0492384890534	867.460867290062	516.2825331340863
1058	263.1	263840.0	847.4930212881018	527.2429688187119	871.3076068836972	527.5427310044918	859.4003140858995	527.3928499116016
1059	263.2	263940.0	818.3813414797072	561.7968142155814	839.8666241811114	559.9169727521829	829.1239828304087	560.8568934838821
1060	263.3	264040.0	825.446012110073	550.6520986731408	848.2046722517993	549.5885611981553	836.8253421809361	550.120329935648
1061	263.4	264140.0	867.6257846443156	551.6252887538598	891.8633112364469	552.3519133144787	879.7445479403815	551.9886010341689
1062	263.5	264240.0	813.3349686618316	531.0655456311664	836.836357210474	530.2236385617617	825.085662936153	530.644592096464
1063	263.6	264340.0	644.4630848375292	467.85321702606	665.0119025178949	462.28624037569153	654.7374936777119	465.069728700876
1064	263.7	264440.0	672.4132512442193	477.4384690857749	692.1523025799419	472.2142982639283	682.2827769120803	474.82638367485146
1065	263.8	264540.0	685.1893607911463	472.7571163497176	707.0605054067727	468.73821489192414	696.12493309896	470.7476656208208
1066	263.9	264640.0	922.7001571168296	588.1257583476561	945.4321915402612	589.2976704787294	934.0661743285456	588.7117144131926
1067	264.0	264739.0	870.0113040240514	563.9844582590481	892.107870788476	563.8600798615813	881.0595874062637	563.9222690603143
1068	264.1	264840.0	1008.9147271125004	546.9174173604644	1037.774927783511	553.4900864834503	1023.3448274480056	550.2037519219573
1069	264.2	264940.0	1019.1521953711606	530.7428348352682	1048.2186562491042	537.925287434576	1033.6854258101318	534.334061134922
1070	264.3	265039.0	1086.258637228673	539.1498317882247	1114.3015910739712	547.9719195558205	1100.280114151322	543.5608756720227
1071	264.4	265139.0	1134.457006990379	538.9708929753263	1164.0440035637853	549.8233629453415	1149.2505052770823	544.3971279603336
1072	264.5	265240.0	1082.2334207299605	529.8679982930119	1112.2142964208524	539.4286043791111	1097.2238585754062	534.6483013360615
1073	264.6	265339.0	1145.320335192078	543.3570742682406	1175.083820612472	554.5635415137459	1160.2020779022755	548.960307890993
1074	264.7	265439.0	938.5055202127934	578.9631292476448	964.077730420622	581.5040929383401	951.2916253167078	580.2336110929925
1075	265.1	265839.0	904.4057326065176	677.4324024544741	924.8151669479424	675.8048387057336	914.6104497772296	676.6186205801037
1076	265.2	265939.0	890.8620346577007	557.821395790172	914.3341556934153	558.7622256476311	902.5980951755575	558.2918107189013
1077	265.3	266039.0	829.3709506562045	549.9718089236351	850.2207251845514	548.6651567585329	839.7958379203781	549.3184828410839
1078	265.4	266139.0	799.2776384079749	554.8326170859423	819.296556840806	552.042153006312	809.2870976243903	553.437385046127
1079	265.5	266239.0	728.9447873792838	553.2082872326404	746.8124090100548	547.6686324205253	737.8785981946689	550.4384598265826
1080	265.6	266339.0	666.9895730304327	530.1888810310344	684.7000303590285	523.1772733873264	675.8448016947302	526.68307720918
1081	265.7	266439.0	924.7038288061012	550.5708772877658	947.8529751363276	552.7073013837909	936.2784019712142	551.6390893357781
1082	265.8	266539.0	945.422432196756	546.0212792556958	969.4751082166936	549.1635744370419	957.4487702067248	547.5924268463689
1083	265.9	266639.0	906.372252074706	511.6981270136884	930.6298598495072	514.5187572173495	918.5010559621068	513.1084421155185
1084	266.0	266739.0	938.163768294468	527.3192421022687	960.9713091757836	530.410692215205	949.5675387351256	528.8649671587366
1085	266.1	266839.0	905.1261995525622	524.6636481356292	928.3356105487288	527.1140215132602	916.730905050646	525.8888348244448
1086	266.2	266939.0	924.3802131572058	544.0484788905418	946.9073528776606	546.2417769737054	935.6437830174336	545.1451279321235
1087	266.3	267039.0	932.0537377648023	540.8040540146858	954.2168384339652	543.2539498111265	943.1352880993832	542.0290019129061
1088	266.4	267139.0	888.5075658940278	527.9934796871311	912.2236873913856	529.725253589905	900.3656266427071	528.8593666385178
1089	266.5	267239.0	856.8618341233414	584.3041616987944	878.4846238813642	583.2549755048256	867.6732290023532	583.7795686018098
1090	266.6	267339.0	808.058425639434	602.5176682236684	828.0290318558909	599.3210066578949	818.043728747662	600.9193374407813
1091	268.6	269344.0	1041.9611911229229	643.5947865827904	1067.634084927154	648.1123179812956	1054.7976380250386	645.853552282043
1092	268.7	269436.0	952.4433058724724	604.3634444168543	977.957842297546	606.967145559891	965.2005740850088	605.6652949883727
1093	269.1	269844.0	803.9990298943169	589.8629602684932	825.9661445561026	587.194211059015	814.9825872252093	588.528585663754
1094	269.2	269936.0	837.6536177495068	590.5645545586157	858.9335360022478	588.4406455228294	848.2935768758778	589.5026000407224
1095	269.3	270044.0	593.6482582717307	593.7380144103201	608.8995318899962	582.6260918802814	601.2738950808631	588.1820531453006
1096	269.6	270344.0	849.5807148931766	621.1925897745699	870.7028142637449	618.9852890076835	860.1417645784605	620.0889393911266
1097	269.8	270544.0	774.0767129651784	625.6950096729073	795.1662977497982	620.8871184630075	784.6215053574878	623.2910640679571
1098	270.1	270844.0	844.3950223021063	595.0329022433924	866.1132714821812	593.3116901588143	855.2541468921436	594.1722962011032
1099	270.2	270936.0	744.1774936643302	694.7203446308705	760.3782685796375	686.2916678991438	752.2778811219832	690.5060062650068
1100	270.7	271436.0	911.2862929997032	695.223638277581	929.0047726476674	692.5987951308423	920.1455328236852	693.9112167042113
1101	270.8	271544.0	977.7710279315896	626.9976417841776	999.8976639571532	628.8140742120194	988.8343459443712	627.9058579980983
1102	270.9	271636.0	1035.4063698007903	611.6863880513854	1061.276278000352	616.7541660784049	1048.3413239005715	614.2202770648947
1103	271.0	271736.0	1091.2542209322978	656.1311688622814	1117.634741142954	662.1835077770082	1104.4444810376265	659.157338319645
1104	271.2	271936.0	1013.8733745163128	645.0352068688148	1038.4090955495258	648.3418776878489	1026.141235032919	646.6885422783321
1105	271.4	272136.0	1050.4513998612572	584.9229718741334	1078.2034868640608	591.4915543818325	1064.3274433626586	588.207263127983
1106	271.6	272344.0	1104.1479505185655	634.0352928670072	1131.3445913177957	641.1635504127695	1117.7462709181805	637.5994216398881
1107	271.8	272544.0	856.0342873604972	579.887068751927	877.5323821241967	578.6531465246594	866.7833347423466	579.2701076382931
1108	271.9	272636.0	951.3305500186424	523.8540445721818	979.0650813842624	529.4130790238872	965.1978157014522	526.6335617980345
1109	272.0	272736.0	861.6367852546813	533.5753637439101	883.9555269241467	533.6862053515662	872.7961560894136	533.6307845477379
1110	272.2	272936.0	848.3563234842647	489.5827096149496	871.8971283505443	491.048351803911	860.1267259174044	490.3155307094301
1111	272.3	273044.0	874.9746420684268	524.936736385017	897.3562345995036	525.9244975390179	886.1654383339654	525.430616962017
1112	272.4	273136.0	890.6512454417154	493.3937863146488	914.355173641283	495.8954204873371	902.5032095414996	494.6446034009927
1113	272.5	273236.0	868.8113562853827	506.8818197184708	892.4272555707884	508.3009318480051	880.6193059280855	507.5913757832376
1114	272.7	273444.0	882.6789537958811	496.2812646231536	906.9094894119178	498.7081507142565	894.7942216038996	497.49470766870496
1115	272.8	273544.0	838.7521865639524	477.0783455251496	863.0868115449442	478.5867752884829	850.9194990544479	477.83256040681607
1116	272.9	273644.0	898.9666273980272	478.6294939150145	924.8280287434344	482.4678674450617	911.8973280707304	480.548680680038
1117	273.0	273744.0	865.8897128448513	499.0392005221496	889.4241564654254	500.6647532732677	877.6569346551382	499.8519768977086
1118	273.1	273844.0	877.3797285111057	487.5177850620475	902.3121893293624	490.1091342852186	889.8459589202342	488.8134596736327
1119	273.2	273944.0	900.447327746324	479.1307657323513	926.9196425467208	483.2284914935176	913.683485146522	481.1796286129344
1120	273.4	274144.0	916.25552787843	471.4469585618863	943.2547771911386	476.2659972727912	929.755152534784	473.8564779173385
1121	273.5	274244.0	866.5365799976881	475.83373693354326	892.375187023693	478.5969931369654	879.4558835106905	477.2153650352542
1122	273.6	274344.0	927.7748251415846	497.8422113163786	952.4270010196856	501.8913698419937	940.1009130806348	499.8667905791861
1123	273.7	274444.0	775.2109394225149	534.9850057972467	796.4349390614093	532.4376758218143	785.8229392419619	533.7113408095304
1124	273.8	274544.0	705.6844096491335	550.6556643352106	723.7711422707475	544.5499153266849	714.7277759599402	547.6027898309477
1125	273.9	274644.0	671.584266789332	510.8510836460242	691.4166551166818	504.86416844320456	681.5004609530067	507.8576260446143
1126	274.0	274744.0	719.9909910420766	538.9569068822037	740.2484726220338	534.1469048769994	730.1197318320545	536.5519058796013
1127	274.2	274944.0	789.110977318817	565.3306164231683	811.0568923199887	562.8085384390808	800.0839348194027	564.0695774311246
1128	274.3	275044.0	882.5764977994551	581.4797567668447	903.8755193403682	581.3487406069067	893.2260085699115	581.4142486868757
1129	274.4	275144.0	908.4431407180766	603.4096380426477	930.865630531354	603.8846044751162	919.6543856247154	603.6471212588818
1130	274.5	275244.0	867.6965213309013	621.6410554939754	888.7629929660278	620.0732447490701	878.2297571484638	620.8571501215229
1131	274.6	275344.0	913.0661039769908	606.665888789899	935.7599944979064	607.2475672414137	924.4130492374486	606.9567280156564
1132	274.7	275444.0	875.6119187850927	606.752427337236	897.9592383300128	606.0565205419001	886.7855785575526	606.404473939568
1133	274.8	275544.0	963.4157587591372	580.10549287748	988.2328360671548	583.4379083746312	975.8242974131454	581.7717006260556
1134	284.3	285042.0	484.30001217615296	392.6415514589773	497.1214063911053	382.0822511972333	490.71070928362906	387.3619013281053
1135	284.4	285142.0	519.2554480826965	508.21442018362745	532.7067637368671	496.9836828441999	525.9811059097817	502.5990515139136
1136	284.5	285242.0	767.2271199152361	494.3400367523873	790.9402547359339	493.2719537015172	779.0836873255847	493.8059952269521
1137	284.6	285342.0	763.735023087652	497.8861129818234	785.7798072620338	496.1114421192824	774.7574151748427	496.9987775505527
1138	284.7	285442.0	815.3774808611535	502.5134868454441	839.5931173420861	502.7290849798896	827.4852991016195	502.6212859126666
1139	284.8	285542.0	770.1665265484195	499.5399213771221	793.7653781002264	498.282085359301	781.9659523243229	498.9110033682113
1140	284.9	285642.0	761.5923200825051	510.574566584883	784.3400945727617	508.6052732318016	772.9662073276336	509.58991990834215
1141	285.0	285742.0	807.471681300096	528.4888253084712	832.2156334174019	528.1031420016525	819.8436573587483	528.2959836550617
1142	285.1	285842.0	883.0479508350166	568.6510898668232	908.5521238156052	569.8444382754211	895.8000373253109	569.2477640711222
1143	285.2	285942.0	924.1982664055452	568.1796682740799	949.8512024160696	570.6364467668411	937.024734410808	569.4080575204604
1144	285.3	286042.0	953.0903448701828	559.9442630661638	980.1342592314818	563.976784994848	966.612302050832	561.9605240305057
1145	285.4	286142.0	910.9987082694466	592.0724851352865	936.137221333522	593.543393873484	923.567964801484	592.8079395043853
1146	285.5	286242.0	979.355941214024	609.0437927156485	1005.7937312695336	612.6332652822603	992.5748362417792	610.8385289989545
1147	285.6	286342.0	902.1309521742738	611.6716588372306	925.7201907943175	612.0408665509103	913.925571484296	611.8562626940704
1148	285.7	286442.0	850.9011811447549	597.1431711018599	872.3437161151742	595.5017660744071	861.6224486299642	596.3224685881333
1149	285.8	286542.0	873.2666443770794	596.887657686368	896.5308327720428	596.4127336020425	884.8987385745605	596.6501956442053
1150	285.9	286642.0	898.2842009881767	617.6197667340723	921.0950790265368	617.6241550910642	909.6896400073562	617.6219609125679
1151	286.0	286742.0	843.6464990762569	619.0106549261798	865.0491567375161	616.8330770332957	854.3478279068866	617.9218659797377
1152	287.3	288039.0	927.5293507568672	620.3388319624723	952.232730271424	621.4110101849519	939.881040514145	620.8749210737121
1153	287.4	288139.0	881.9746210639926	609.6941816490973	905.0065797999556	609.1144540780979	893.4906004319743	609.4043178635977
1154	287.5	288239.0	905.2664236456832	587.196574889153	929.6827469403352	588.2251005416614	917.4745852930092	587.7108377154073
1155	288.0	288739.0	892.3691578257677	652.4810480005889	914.6478182315856	651.1604274254138	903.5084880286764	651.8207377130013
1156	288.1	288839.0	932.5908516804528	676.6339713825677	954.099315380822	675.9116057764177	943.3450835306372	676.2727885794924
1157	288.7	289439.0	1011.9740960985088	660.4831448635101	1040.9437138855726	664.6091397460223	1026.4589049920407	662.5461423047659
1158	288.8	289539.0	1228.13835702113	797.8330794069232	1259.1760844093524	806.6279283337495	1243.6572207152408	802.2305038703361
1159	289.3	290039.0	736.0026047001916	543.3378557836581	758.1279747498187	538.7936436549255	747.065289725005	541.065749719292
1160	289.4	290139.0	799.4802845175534	873.4381844285447	810.5131990984612	861.5450271137244	804.996741808007	867.491605771135
1161	289.6	290339.0	932.2973191144458	688.9514104482695	956.279540633764	688.3643358915906	944.2884298741048	688.65787316993
1162	289.7	290439.0	1040.5456903703548	734.0464520427319	1067.0083249017598	736.9059803150874	1053.7770076360578	735.4762161789093
1163	290.3	291039.0	971.6769630984552	714.624128078804	996.565966035124	715.2793429731765	984.1214645667897	714.9517355259901
1164	290.4	291139.0	939.7334577102392	718.6997662040319	962.4943933764024	717.9873099716474	951.1139255433204	718.3435380878393
1165	290.5	291239.0	833.5179171274635	661.538303806947	853.4890462670976	657.2726417929348	843.5034816972802	659.4054727999411
1166	290.6	291339.0	850.1737743929393	603.0225127958518	872.2878609476631	601.18729298919	861.2308176703012	602.1049028925208
1167	290.7	291439.0	853.2472991686768	634.604793054048	873.2295011851244	631.48251297964	863.2384001769008	633.0436530168439
1168	290.8	291539.0	841.25205787465	630.3805186199763	861.8218070081515	627.3645949031379	851.5369324414008	628.8725567615573
1169	290.9	291639.0	895.9950053296204	616.7048973180209	918.8223491131564	616.3558919855273	907.4086772213876	616.5303946517739
1170	291.0	291739.0	884.2810567910342	589.2688324853483	908.8048724689688	589.6384814886736	896.5429646300013	589.453656987011
1171	292.0	292738.0	901.9344752581228	770.8229910965972	921.501108722367	767.4260470634697	911.7177919902445	769.1245190800331
1172	292.1	292838.0	882.2979151060593	635.0213390695903	906.3901692947522	634.2596861105048	894.3440422004054	634.6405125900474
1173	292.2	292938.0	806.5157977907206	661.620513200277	827.845319114629	657.1443619335583	817.1805584526743	659.3824375669175
1174	292.5	293238.0	766.4612704882571	648.4096919524122	787.5597085106425	642.7383201335315	777.0104894994495	645.5740060429721
1175	292.8	293538.0	670.4753142786848	706.0993916240607	685.5816438700504	694.609240558881	678.0284790743674	700.3543160914707
1176	292.9	293638.0	731.6055157464328	721.092220703317	748.1632767026402	711.4875754878162	739.8843962245367	716.2898980955665
1177	293.0	293738.0	1043.957761284039	711.0750706563563	1069.1495635144936	713.9749255263076	1056.5536623992664	712.5249980913317
1178	293.1	293838.0	1055.0529793037742	713.7263546095589	1081.7040527257095	717.4246089511574	1068.3785160147418	715.5754817803579
1179	293.2	293938.0	1050.2309082092163	635.9758759337606	1080.3854518126732	642.1878867103105	1065.3081800109458	639.0818813220354
1180	293.3	294038.0	1143.953959330147	720.8602761134234	1170.865169532866	727.0968299040896	1157.409564431507	723.9785530087563
1181	293.4	294138.0	990.2702524293894	679.4722375618869	1015.2177296055036	681.1519737316828	1002.743991017446	680.3121056467845
1182	293.5	294238.0	1008.3299970729184	664.3164210242123	1033.922757553529	667.016143435685	1021.126377313224	665.6662822299486
1183	293.6	294338.0	1049.5364581016745	685.7832630981984	1075.349604167743	689.3951073092185	1062.4430311347087	687.589185203708
1184	293.7	294438.0	1081.8852796928522	676.2167240700496	1108.249207232849	681.2519829026617	1095.0672434628502	678.7343534863554
1185	294.0	294738.0	974.4048575112992	555.8795938219881	999.990727703667	560.4711702364167	987.1977926074832	558.1753820292022
1186	294.1	294838.0	826.6980098385158	434.1479862603099	850.4558023230721	436.2926215656423	838.5769060807938	435.220303912976
1187	294.2	294938.0	819.9619937906086	451.6366623284939	843.9606512965061	453.2716607469444	831.9613225435569	452.4541615377189
1188	294.4	295138.0	895.8566156430832	486.59103584705423	920.7425314992216	489.9612956498253	908.2995735711526	488.2761657484396
1189	295.1	295838.0	938.7045627021764	604.4580503920967	965.535598601637	607.1289198581716	952.1200806519068	605.793485125134
1190	295.5	296238.0	857.8304585923757	655.0266117665892	881.3649327813323	652.9906941415866	869.5976956868541	654.0086529540877
1191	295.6	296338.0	914.1536011997674	648.7183528874394	937.672575913274	648.4617484797438	925.9130885565206	648.5900506835918
1192	295.8	296538.0	948.482357673493	636.6260898689641	974.0838178640356	638.3436967346424	961.2830877687644	637.4848933018031
1193	295.9	296638.0	997.9660676161044	568.2219793324807	1027.235296556123	574.1365083295111	1012.6006820861136	571.1792438309958
1194	296.0	296738.0	866.8499848968233	515.4992456383975	891.7637799483714	517.054681365423	879.3068824225977	516.27696350191
1195	296.3	297038.0	866.293951556323	488.03708089204	894.2472722186498	491.1709513083409	880.2706118874863	489.6040161001901
1196	296.4	297138.0	905.5802973175996	496.0187078428578	934.0291397865774	500.30472045465706	919.8047185520886	498.1617141487571
1197	296.5	297238.0	908.2327192165272	487.0334973063785	935.6074554619722	491.33158099699546	921.9200873392496	489.1825391516868
1198	296.8	297538.0	875.8809473094723	480.1311702693505	902.484168640591	483.4296214177046	889.182557975032	481.78039584352734
1199	296.9	297638.0	848.2174675609618	493.0561425650621	872.7107061882946	494.562914969773	860.4640868746279	493.80952876741753
1200	297.0	297738.0	835.9976666856476	519.6107712949522	859.916425009615	519.8598619737395	847.9570458476312	519.7353166343457
1201	297.1	297838.0	882.067901590043	577.668562580867	907.295059415086	578.5934335723382	894.6814805025647	578.1309980766027
